  8.9000000e-001
  8.9000000e-001
  8.9000000e-001
  8.9000000e-001
  8.9000000e-001
  8.9000000e-001
  1.1006582e+000
  1.2162699e+000
  1.2797189e+000
  1.3145405e+000
  1.3336510e+000
  1.1513675e+000
  8.1717254e-001
  5.5563248e-001
  3.8416345e-001
  2.7809185e-001
  2.6041858e-001
  6.3073228e-001
  9.2861727e-001
  9.1993930e-001
  7.9508370e-001
  6.6446811e-001
  7.5058461e-001
  1.0288589e+000
  1.1156645e+000
  1.2428055e+000
  1.3043847e+000
  1.3136657e+000
  1.2656031e+000
  1.0071126e+000
  7.2380886e-001
  4.8401839e-001
  3.4325664e-001
  2.5999717e-001
  3.9660362e-001
  8.2224821e-001
  9.7361105e-001
  8.9533393e-001
  7.5386543e-001
  6.8759600e-001
  9.2691058e-001
  1.0594491e+000
  1.1297261e+000
  1.2622793e+000
  1.3065731e+000
  1.3448748e+000
  1.1432680e+000
  9.2331552e-001
  6.5620773e-001
  4.4326648e-001
  3.0889803e-001
  2.8983036e-001
  5.6688436e-001
  9.3687003e-001
  9.9188398e-001
  8.7383090e-001
  7.3233152e-001
  7.7623770e-001
  1.0339226e+000
  1.0361910e+000
  1.1225946e+000
  1.2600392e+000
  1.3226340e+000
  1.2667752e+000
  1.0668019e+000
  9.1350195e-001
  6.5154153e-001
  4.3990708e-001
  3.1051796e-001
  3.9235842e-001
  6.7782751e-001
  9.9788918e-001
  1.0229423e+000
  8.8592218e-001
  7.8658947e-001
  9.1187940e-001
  1.0829267e+000
  9.8573668e-001
  1.0653194e+000
  1.2311580e+000
  1.3148878e+000
  1.1089313e+000
  1.0091395e+000
  9.8743753e-001
  7.4009257e-001
  4.9381363e-001
  4.1003163e-001
  6.2531432e-001
  7.7024041e-001
  1.0280858e+000
  1.0979250e+000
  9.8362316e-001
  1.0089092e+000
  1.1704022e+000
  1.2078800e+000
  9.5363616e-001
  9.0651068e-001
  9.8961747e-001
  8.3041803e-001
  5.8711669e-001
  6.6339502e-001
  9.6269018e-001
  1.0427021e+000
  1.1356551e+000
  1.2210824e+000
  1.1965383e+000
  1.2658906e+000
  1.0987145e+000
  9.2091846e-001
  6.5564013e-001
  5.1212540e-001
  3.9337426e-001
  3.9469099e-001
  6.4796705e-001
  9.8057958e-001
  1.0471801e+000
  9.7865796e-001
  8.7408813e-001
  9.4145670e-001
  1.1115555e+000
  1.0007256e+000
  9.6723791e-001
  1.1100880e+000
  1.2189086e+000
  1.0196769e+000
  9.0974279e-001
  1.0083394e+000
  9.3721818e-001
  6.8515572e-001
  6.1438761e-001
  8.9682029e-001
  1.0049951e+000
  1.0112900e+000
  1.1826164e+000
  1.1953110e+000
  1.2780188e+000
  1.1853482e+000
  1.1121859e+000
  8.7808807e-001
  6.3581011e-001
  4.6952057e-001
  3.7610818e-001
  4.2407094e-001
  6.7363656e-001
  9.8927214e-001
  1.0325609e+000
  9.3192351e-001
  8.6851541e-001
  9.5178442e-001
  1.1082384e+000
  1.0030620e+000
  1.0326850e+000
  1.1780616e+000
  1.2512093e+000
  1.0247570e+000
  9.1954995e-001
  9.5382039e-001
  7.8512747e-001
  5.5545868e-001
  5.2986142e-001
  8.3854599e-001
  1.0004250e+000
  1.1578305e+000
  1.2123729e+000
  1.1212108e+000
  1.2129397e+000
  1.2053915e+000
  9.7600681e-001
  6.7940065e-001
  5.6824810e-001
  5.1354595e-001
  4.0583968e-001
  5.1400570e-001
  9.0045638e-001
  1.0320378e+000
  1.0607830e+000
  9.8601802e-001
  9.3045343e-001
  1.1120152e+000
  1.0789382e+000
  9.4480191e-001
  9.2092895e-001
  1.0520018e+000
  9.8759265e-001
  7.9679352e-001
  8.7937599e-001
  1.0671836e+000
  1.0529169e+000
  9.3598083e-001
  1.1281493e+000
  1.2656906e+000
  1.1598576e+000
  9.3813738e-001
  1.0171403e+000
  9.4908227e-001
  6.6395645e-001
  4.8670651e-001
  6.7717829e-001
  8.8637795e-001
  9.0910230e-001
  1.1210081e+000
  1.1075576e+000
  1.1089830e+000
  1.2422829e+000
  1.2984395e+000
  1.1038035e+000
  8.3848086e-001
  7.5410367e-001
  5.7893049e-001
  4.1025167e-001
  3.6443672e-001
  7.2898244e-001
  1.0491392e+000
  1.1626812e+000
  1.0724662e+000
  9.1581728e-001
  9.8622020e-001
  1.0803780e+000
  8.2660690e-001
  6.9494129e-001
  8.5770604e-001
  1.0437704e+000
  8.8703207e-001
  1.0088096e+000
  1.1825837e+000
  1.2851539e+000
  1.1821333e+000
  1.1481053e+000
  1.2009785e+000
  9.1424648e-001
  6.2118802e-001
  4.4881431e-001
  4.7889165e-001
  4.1443094e-001
  5.8491202e-001
  9.3823044e-001
  9.7329886e-001
  9.5229624e-001
  9.2585085e-001
  9.2640109e-001
  1.1180597e+000
  1.1071516e+000
  1.1334616e+000
  1.1678022e+000
  1.2326938e+000
  1.0555754e+000
  8.3143560e-001
  7.0346078e-001
  5.9259795e-001
  4.7121429e-001
  4.5475956e-001
  8.1258437e-001
  1.0857365e+000
  1.1672198e+000
  1.1152488e+000
  1.0055429e+000
  1.1094091e+000
  1.0794220e+000
  8.0771897e-001
  6.5235852e-001
  7.1694634e-001
  7.7713415e-001
  6.5352640e-001
  9.0081253e-001
  1.1088045e+000
  1.2010694e+000
  1.3062341e+000
  1.3260638e+000
  1.3512954e+000
  1.1304549e+000
  8.1774436e-001
  5.5212412e-001
  3.6989630e-001
  2.6664036e-001
  2.6161858e-001
  6.4813918e-001
  9.3868829e-001
  9.1549496e-001
  7.8188078e-001
  6.5019071e-001
  7.5646263e-001
  1.0275042e+000
  1.1109845e+000
  1.2443725e+000
  1.2967369e+000
  1.3063852e+000
  1.2573551e+000
  1.0121422e+000
  7.2694397e-001
  4.8721497e-001
  3.4969607e-001
  2.6720313e-001
  3.9981083e-001
  8.2067624e-001
  9.7488520e-001
  9.0072978e-001
  7.6276975e-001
  6.9852830e-001
  9.3236014e-001
  1.0620984e+000
  1.1264639e+000
  1.2591748e+000
  1.3112899e+000
  1.3477680e+000
  1.1376369e+000
  9.2081611e-001
  6.5883065e-001
  4.4421767e-001
  3.0718961e-001
  2.9159730e-001
  5.7584814e-001
  9.4275791e-001
  9.9692422e-001
  8.7587421e-001
  7.3292422e-001
  7.8250481e-001
  1.0368683e+000
  1.0280336e+000
  1.1129847e+000
  1.2546422e+000
  1.3211078e+000
  1.2589007e+000
  1.0692073e+000
  9.3174045e-001
  6.6879240e-001
  4.5119249e-001
  3.1877954e-001
  4.0100068e-001
  6.6249654e-001
  9.8991671e-001
  1.0306866e+000
  8.9825329e-001
  8.0197364e-001
  9.1781615e-001
  1.0944741e+000
  9.8880646e-001
  1.0507157e+000
  1.2201692e+000
  1.3052390e+000
  1.0948377e+000
  9.8460013e-001
  9.8805789e-001
  7.5781368e-001
  5.0877949e-001
  4.2813666e-001
  6.7466972e-001
  8.2106347e-001
  1.0501372e+000
  1.1229578e+000
  1.0109240e+000
  1.0533732e+000
  1.2187668e+000
  1.2038493e+000
  9.1564265e-001
  8.4036234e-001
  8.9133502e-001
  7.0527076e-001
  5.0101996e-001
  6.5590708e-001
  9.9859164e-001
  1.1667899e+000
  1.2779570e+000
  1.2225148e+000
  1.1575205e+000
  1.2248039e+000
  9.4779862e-001
  6.4572688e-001
  4.5536155e-001
  4.3576650e-001
  3.7780622e-001
  5.1966162e-001
  9.0470398e-001
  9.7099526e-001
  9.2575809e-001
  8.7753535e-001
  8.5540630e-001
  1.0743107e+000
  1.1048377e+000
  1.1494261e+000
  1.2282689e+000
  1.3142290e+000
  1.2085296e+000
  9.3654078e-001
  7.5544156e-001
  5.7561705e-001
  4.0846669e-001
  3.1059726e-001
  5.4074290e-001
  9.2966559e-001
  1.0909380e+000
  1.0326536e+000
  8.7614251e-001
  8.4165126e-001
  1.0672475e+000
  9.6421910e-001
  8.5132478e-001
  9.9732905e-001
  1.1939970e+000
  1.1485813e+000
  1.0177820e+000
  1.1692897e+000
  1.2196132e+000
  9.3376443e-001
  6.5827296e-001
  7.3049470e-001
  6.8874726e-001
  5.1177346e-001
  6.0229578e-001
  9.5190464e-001
  1.1199940e+000
  1.2469488e+000
  1.2111933e+000
  1.1290863e+000
  1.2265959e+000
  1.0437574e+000
  7.2831126e-001
  5.1520971e-001
  4.8654470e-001
  4.3020838e-001
  4.5312554e-001
  8.3561561e-001
  9.9241885e-001
  9.8338893e-001
  9.6011640e-001
  9.0328789e-001
  1.0613205e+000
  1.1133230e+000
  1.0817630e+000
  1.0876306e+000
  1.1687440e+000
  1.1423404e+000
  8.8266919e-001
  7.7355692e-001
  7.3119967e-001
  6.3913816e-001
  5.1864379e-001
  7.4078545e-001
  1.0536283e+000
  1.2181780e+000
  1.2745805e+000
  1.2065654e+000
  1.2002327e+000
  1.1935802e+000
  8.6260439e-001
  5.7738993e-001
  4.3031478e-001
  4.0554826e-001
  3.4547643e-001
  6.0547690e-001
  9.3048454e-001
  9.4663491e-001
  8.9386174e-001
  8.2370627e-001
  8.5096464e-001
  1.0815285e+000
  1.1230043e+000
  1.1979098e+000
  1.2912967e+000
  1.3591780e+000
  1.2035095e+000
  9.2526383e-001
  7.0210767e-001
  4.9697526e-001
  3.3777583e-001
  2.6520537e-001
  5.2553377e-001
  9.2192648e-001
  1.0313283e+000
  9.3127317e-001
  7.6802436e-001
  7.5682541e-001
  1.0194743e+000
  9.9849737e-001
  1.0205525e+000
  1.1926921e+000
  1.2879700e+000
  1.2729322e+000
  1.1020742e+000
  1.0703770e+000
  8.4805861e-001
  5.7621679e-001
  3.9190511e-001
  4.1224423e-001
  5.2181515e-001
  7.8290680e-001
  1.0274172e+000
  9.8347371e-001
  8.8536407e-001
  9.1293758e-001
  1.0650723e+000
  1.1066734e+000
  1.0236271e+000
  1.1339868e+000
  1.2327265e+000
  1.1554456e+000
  8.7759567e-001
  8.4877618e-001
  7.8533243e-001
  5.8735289e-001
  4.6092374e-001
  7.0689257e-001
  1.0310193e+000
  1.2112500e+000
  1.2590384e+000
  1.1451516e+000
  1.1275897e+000
  1.1789062e+000
  8.7717797e-001
  5.8835330e-001
  4.7356513e-001
  5.2140756e-001
  4.5026280e-001
  6.5274609e-001
  9.6156992e-001
  9.8501376e-001
  9.9089654e-001
  9.8195545e-001
  1.0035735e+000
  1.1518635e+000
  1.1075433e+000
  1.0895234e+000
  1.0606114e+000
  1.0779950e+000
  8.6669461e-001
  7.1082605e-001
  6.6913153e-001
  6.9255324e-001
  6.9819853e-001
  8.6177501e-001
  1.1120559e+000
  1.2132712e+000
  1.2647808e+000
  1.3087840e+000
  1.3521089e+000
  1.1619037e+000
  8.1567574e-001
  5.6325508e-001
  3.9348984e-001
  2.8181276e-001
  2.5066010e-001
  6.2332728e-001
  9.2734781e-001
  9.2763959e-001
  8.0577802e-001
  6.6712420e-001
  7.4321656e-001
  1.0252727e+000
  1.1079157e+000
  1.2327146e+000
  1.3020702e+000
  1.3099480e+000
  1.2694929e+000
  1.0169716e+000
  7.4042036e-001
  4.9645634e-001
  3.5134049e-001
  2.6446125e-001
  3.8927724e-001
  8.1088422e-001
  9.7931628e-001
  9.0722441e-001
  7.6617063e-001
  6.9363780e-001
  9.2165448e-001
  1.0561996e+000
  1.1136497e+000
  1.2503106e+000
  1.3057512e+000
  1.3465685e+000
  1.1479576e+000
  9.4306926e-001
  6.8260888e-001
  4.6075276e-001
  3.1837846e-001
  2.9200527e-001
  5.4858075e-001
  9.2711361e-001
  1.0053510e+000
  8.9272360e-001
  7.4780098e-001
  7.7831327e-001
  1.0338732e+000
  1.0274024e+000
  1.0929371e+000
  1.2430209e+000
  1.3181018e+000
  1.2693875e+000
  1.0699432e+000
  9.5342904e-001
  6.9931797e-001
  4.7109921e-001
  3.2787893e-001
  4.0092855e-001
  6.4576378e-001
  9.7784416e-001
  1.0451839e+000
  9.1919005e-001
  8.1587784e-001
  9.2040843e-001
  1.1056396e+000
  9.8711315e-001
  1.0185409e+000
  1.1948815e+000
  1.2881677e+000
  1.0823522e+000
  9.6289150e-001
  1.0120741e+000
  8.1291317e-001
  5.5190316e-001
  4.6290923e-001
  7.2944051e-001
  8.5208284e-001
  1.0260099e+000
  1.1445890e+000
  1.0560442e+000
  1.1147413e+000
  1.2581611e+000
  1.2460629e+000
  9.3954123e-001
  7.9310142e-001
  7.6908403e-001
  5.7668771e-001
  4.0856650e-001
  5.4692994e-001
  9.3733618e-001
  1.1655224e+000
  1.2287709e+000
  1.1030969e+000
  1.0011184e+000
  1.1545010e+000
  9.5900256e-001
  6.6132932e-001
  5.4900450e-001
  7.0233337e-001
  6.9095610e-001
  6.9872507e-001
  1.0033183e+000
  1.0695129e+000
  1.1401464e+000
  1.2550110e+000
  1.2728920e+000
  1.2782705e+000
  1.0568899e+000
  8.6209502e-001
  6.1723688e-001
  4.3786364e-001
  3.2046706e-001
  3.8564706e-001
  7.3325081e-001
  1.0194614e+000
  1.0193746e+000
  8.9199394e-001
  7.8749394e-001
  9.3390332e-001
  1.0635711e+000
  9.6860875e-001
  1.0551246e+000
  1.2241049e+000
  1.3047133e+000
  1.0919640e+000
  1.0404849e+000
  1.0246488e+000
  7.7174805e-001
  5.1474555e-001
  4.4378025e-001
  6.1967144e-001
  7.0220078e-001
  9.6148124e-001
  1.0808139e+000
  9.9697672e-001
  1.0339320e+000
  1.1581049e+000
  1.2531649e+000
  1.0418842e+000
  9.5518619e-001
  9.7296552e-001
  8.1013223e-001
  5.7630641e-001
  5.3700020e-001
  7.9350693e-001
  9.3173085e-001
  1.1039111e+000
  1.1995340e+000
  1.1283259e+000
  1.2085451e+000
  1.2761552e+000
  1.1213988e+000
  7.9161349e-001
  6.2884310e-001
  5.4501716e-001
  4.0290823e-001
  3.6163410e-001
  7.2241681e-001
  9.9659381e-001
  1.0767196e+000
  1.0102009e+000
  8.8161134e-001
  9.5771212e-001
  1.1002829e+000
  9.6114546e-001
  8.8663975e-001
  1.0352958e+000
  1.1753879e+000
  9.7915789e-001
  9.3077793e-001
  1.1071797e+000
  1.1293344e+000
  8.5898587e-001
  7.8060649e-001
  1.0033155e+000
  9.5322677e-001
  7.3366938e-001
  8.6069820e-001
  1.1174694e+000
  1.1844671e+000
  1.0858278e+000
  1.2240393e+000
  1.3087742e+000
  1.1376989e+000
  7.9369426e-001
  6.9418659e-001
  5.8064573e-001
  4.1511350e-001
  3.4350717e-001
  7.0564332e-001
  1.0103134e+000
  1.1292705e+000
  1.0590127e+000
  9.0327935e-001
  9.5251302e-001
  1.0953618e+000
  8.9336882e-001
  7.6275876e-001
  9.1170614e-001
  1.1043692e+000
  9.4608252e-001
  9.7330184e-001
  1.1791785e+000
  1.2860809e+000
  1.0957787e+000
  9.8574510e-001
  1.1136804e+000
  9.0414829e-001
  6.0961158e-001
  4.8635027e-001
  7.2558028e-001
  7.2958546e-001
  8.0668233e-001
  1.0564987e+000
  1.0432700e+000
  1.1146705e+000
  1.2534415e+000
  1.3189319e+000
  1.2162313e+000
  1.0092468e+000
  8.9302059e-001
  6.4697621e-001
  4.4068837e-001
  3.2549664e-001
  4.8317708e-001
  7.9089453e-001
  1.0608382e+000
  1.0565698e+000
  9.0903427e-001
  8.4657927e-001
  1.0342183e+000
  1.0686088e+000
  8.9890204e-001
  9.7616556e-001
  1.1716694e+000
  1.1887609e+000
  9.3816110e-001
  1.0205543e+000
  1.1388282e+000
  9.2654516e-001
  6.4971927e-001
  7.3522257e-001
  9.2637521e-001
  7.8262095e-001
  7.9957247e-001
  1.0605258e+000
  1.1615704e+000
  1.2507444e+000
  1.3093967e+000
  1.3584561e+000
  1.2454727e+000
  9.4211395e-001
  6.4655141e-001
  4.4854120e-001
  3.0859187e-001
  2.3679706e-001
  4.5515104e-001
  8.6982966e-001
  9.5618536e-001
  8.5572272e-001
  7.0399138e-001
  6.7246340e-001
  9.5885958e-001
  1.0746681e+000
  1.1762685e+000
  1.2862507e+000
  1.2943394e+000
  1.3246667e+000
  1.1068181e+000
  8.5306139e-001
  5.8344420e-001
  4.0283180e-001
  2.9152090e-001
  3.0858433e-001
  6.5814554e-001
  9.6350999e-001
  9.5747658e-001
  8.3094208e-001
  7.0837860e-001
  8.1570313e-001
  1.0472174e+000
  1.0660448e+000
  1.1870620e+000
  1.2901217e+000
  1.3397415e+000
  1.2271728e+000
  1.0234910e+000
  8.0540764e-001
  5.5145569e-001
  3.7508115e-001
  2.8312921e-001
  4.2913969e-001
  8.0386713e-001
  1.0215004e+000
  9.6500640e-001
  8.1209140e-001
  7.5161694e-001
  9.6121333e-001
  1.0437156e+000
  1.0150781e+000
  1.1647171e+000
  1.2826178e+000
  1.3250550e+000
  1.1039464e+000
  1.0310859e+000
  8.6425761e-001
  5.9591903e-001
  3.9738723e-001
  3.7535256e-001
  5.5931811e-001
  8.2027813e-001
  1.0586956e+000
  1.0133967e+000
  8.8139539e-001
  9.1057619e-001
  1.0955873e+000
  1.0799241e+000
  9.5202174e-001
  1.0725764e+000
  1.2085111e+000
  1.1052164e+000
  8.4761958e-001
  9.2713752e-001
  9.5406145e-001
  7.2508511e-001
  5.6979822e-001
  8.3584632e-001
  1.0826194e+000
  1.0998543e+000
  1.2263492e+000
  1.2254417e+000
  1.2651814e+000
  1.1497266e+000
  9.1137324e-001
  6.9295409e-001
  4.9747657e-001
  3.9779384e-001
  3.4067351e-001
  6.2240100e-001
  9.7569101e-001
  1.0512433e+000
  9.7546169e-001
  8.5300633e-001
  8.8751843e-001
  1.0863141e+000
  9.7700699e-001
  9.5945632e-001
  1.1127610e+000
  1.2524696e+000
  1.1058520e+000
  9.9693974e-001
  1.0812882e+000
  9.8207460e-001
  6.9563159e-001
  5.3522777e-001
  7.1459867e-001
  7.6251985e-001
  7.7549097e-001
  1.0405516e+000
  1.0927672e+000
  1.1543301e+000
  1.2775310e+000
  1.3416002e+000
  1.2819637e+000
  1.0016473e+000
  8.0829687e-001
  5.7413920e-001
  3.8737591e-001
  2.7469962e-001
  4.1309916e-001
  8.1720071e-001
  1.0418393e+000
  9.9151088e-001
  8.3055120e-001
  7.4065121e-001
  9.5916214e-001
  1.0196940e+000
  9.5662320e-001
  1.1086544e+000
  1.2509198e+000
  1.3084161e+000
  1.1151408e+000
  1.1137025e+000
  1.0135889e+000
  7.1523844e-001
  4.7467542e-001
  4.1956419e-001
  5.0342072e-001
  5.7907406e-001
  9.1936317e-001
  1.0196007e+000
  9.3876696e-001
  9.4032700e-001
  9.9336500e-001
  1.1552356e+000
  1.0816736e+000
  1.0853076e+000
  1.1593929e+000
  1.1469527e+000
  9.4177362e-001
  7.5343576e-001
  7.4313178e-001
  6.4057907e-001
  5.4375576e-001
  6.5253945e-001
  9.9444923e-001
  1.1860792e+000
  1.2593337e+000
  1.2127373e+000
  1.1771378e+000
  1.2377778e+000
  9.4916024e-001
  6.4053709e-001
  4.6830377e-001
  4.2679567e-001
  3.6072366e-001
  4.9692382e-001
  8.9041599e-001
  9.6860135e-001
  9.2768230e-001
  8.6498891e-001
  8.2952172e-001
  1.0562451e+000
  1.1088053e+000
  1.1477160e+000
  1.2330375e+000
  1.3239883e+000
  1.2484639e+000
  9.6392439e-001
  7.6862823e-001
  5.8229930e-001
  4.0769717e-001
  2.9660681e-001
  4.7785277e-001
  8.8483861e-001
  1.0731830e+000
  1.0248669e+000
  8.6670593e-001
  7.9852465e-001
  1.0292614e+000
  9.9157662e-001
  8.8518150e-001
  1.0264157e+000
  1.2127049e+000
  1.2268423e+000
  1.0513055e+000
  1.1538879e+000
  1.1709560e+000
  8.7400434e-001
  5.8850518e-001
  5.9138690e-001
  6.0832254e-001
  4.9643411e-001
  6.8353147e-001
  9.7703584e-001
  1.0417428e+000
  1.1272602e+000
  1.1078863e+000
  1.1053322e+000
  1.1959200e+000
  1.0817280e+000
  8.8465029e-001
  7.2203926e-001
  6.9202784e-001
  5.5614933e-001
  5.2860911e-001
  7.7027242e-001
  1.0638958e+000
  1.1999835e+000
  1.2145581e+000
  1.1377505e+000
  1.1878977e+000
  1.1648589e+000
  8.5364272e-001
  5.9990455e-001
  5.1151825e-001
  4.9098983e-001
  4.0831869e-001
  6.7007230e-001
  9.7245031e-001
  1.0174505e+000
  1.0149582e+000
  9.5281215e-001
  9.8168079e-001
  1.1333265e+000
  1.0596739e+000
  1.0007732e+000
  1.0235794e+000
  1.1072026e+000
  9.0764305e-001
  7.8085711e-001
  8.3581837e-001
  9.0646444e-001
  8.1024994e-001
  8.6414769e-001
  1.1183926e+000
  1.2643215e+000
  1.3099293e+000
  1.3453954e+000
  1.3873993e+000
  1.1847621e+000
  8.0011721e-001
  5.1975252e-001
  3.5361587e-001
  2.4469322e-001
  2.1465683e-001
  5.9510939e-001
  8.8686225e-001
  8.6754839e-001
  7.3776355e-001
  5.9849035e-001
  6.7340482e-001
  9.9632179e-001
  1.1571902e+000
  1.2805546e+000
  1.2855418e+000
  1.2460493e+000
  1.2724344e+000
  9.9524825e-001
  6.7327220e-001
  4.5160078e-001
  3.5413385e-001
  2.8482470e-001
  4.0188557e-001
  8.3176353e-001
  9.4241265e-001
  8.6919067e-001
  7.6158682e-001
  7.0104774e-001
  9.4439280e-001
  1.0937192e+000
  1.1911707e+000
  1.3006421e+000
  1.3358350e+000
  1.3574387e+000
  1.1142757e+000
  8.2943018e-001
  5.6322623e-001
  3.7665786e-001
  2.6318826e-001
  2.7521333e-001
  6.5509471e-001
  9.4989746e-001
  9.2994381e-001
  7.9018927e-001
  6.5790024e-001
  7.7209727e-001
  1.0303997e+000
  1.0918468e+000
  1.2268694e+000
  1.2905898e+000
  1.3119477e+000
  1.2495738e+000
  1.0247000e+000
  7.5695638e-001
  5.1042214e-001
  3.6203738e-001
  2.7487494e-001
  4.0111690e-001
  8.0742917e-001
  9.8901347e-001
  9.2415012e-001
  7.8336843e-001
  7.1630783e-001
  9.3442474e-001
  1.0561017e+000
  1.0912644e+000
  1.2310865e+000
  1.3063357e+000
  1.3469102e+000
  1.1353305e+000
  9.5788847e-001
  7.1648381e-001
  4.8456018e-001
  3.2969773e-001
  3.0665480e-001
  5.5638526e-001
  9.2789358e-001
  1.0304083e+000
  9.2113389e-001
  7.7358137e-001
  8.0646764e-001
  1.0499854e+000
  1.0080093e+000
  1.0371252e+000
  1.2060820e+000
  1.3079854e+000
  1.2407037e+000
  1.0546834e+000
  1.0220718e+000
  7.9839344e-001
  5.3843669e-001
  3.7346654e-001
  4.6298689e-001
  6.2947879e-001
  9.0857386e-001
  1.0708147e+000
  9.8069927e-001
  8.9858683e-001
  9.9441661e-001
  1.1675725e+000
  1.0445192e+000
  9.6442369e-001
  1.1030676e+000
  1.1524378e+000
  9.2829726e-001
  7.5599435e-001
  9.0459012e-001
  8.8486632e-001
  6.9387139e-001
  7.4520963e-001
  1.0481527e+000
  1.2124011e+000
  1.2415390e+000
  1.3180664e+000
  1.3244714e+000
  1.2665568e+000
  9.0619232e-001
  6.2478479e-001
  4.2873749e-001
  3.0595461e-001
  2.3621180e-001
  4.6637636e-001
  8.7280611e-001
  9.4045712e-001
  8.3675388e-001
  6.9514600e-001
  6.6471109e-001
  9.6170135e-001
  1.0884882e+000
  1.2039591e+000
  1.2991868e+000
  1.2944240e+000
  1.3222414e+000
  1.0946125e+000
  8.1454617e-001
  5.4773981e-001
  3.8043093e-001
  2.7972735e-001
  3.0877791e-001
  6.9197024e-001
  9.5946957e-001
  9.2978721e-001
  8.0120219e-001
  6.8624843e-001
  8.2138164e-001
  1.0486261e+000
  1.0988265e+000
  1.2288655e+000
  1.3028258e+000
  1.3408865e+000
  1.2212446e+000
  9.9207525e-001
  7.3403947e-001
  4.9451181e-001
  3.4195644e-001
  2.6710562e-001
  4.4505232e-001
  8.5303209e-001
  9.9982405e-001
  9.1421064e-001
  7.6297893e-001
  7.2205967e-001
  9.7026840e-001
  1.0430536e+000
  1.0850480e+000
  1.2333342e+000
  1.3028693e+000
  1.3294455e+000
  1.1159333e+000
  9.6921768e-001
  7.2201597e-001
  4.8879384e-001
  3.3351665e-001
  3.3270464e-001
  5.6857800e-001
  9.2944901e-001
  1.0348452e+000
  9.2675389e-001
  7.8970312e-001
  8.3624655e-001
  1.0678115e+000
  1.0120231e+000
  1.0304976e+000
  1.1999659e+000
  1.3088308e+000
  1.2105587e+000
  1.0202779e+000
  1.0076059e+000
  8.0074341e-001
  5.4077295e-001
  3.8346125e-001
  5.2238342e-001
  7.0682435e-001
  9.5762817e-001
  1.0998125e+000
  1.0004371e+000
  9.4120210e-001
  1.0790589e+000
  1.2125709e+000
  1.0062602e+000
  9.0361544e-001
  1.0309814e+000
  1.0013488e+000
  7.3914276e-001
  6.7078744e-001
  9.3672991e-001
  1.0143200e+000
  9.3358234e-001
  1.1136859e+000
  1.1988518e+000
  1.2802716e+000
  1.1397715e+000
  1.1448272e+000
  1.0420132e+000
  7.5564509e-001
  5.2477769e-001
  4.3467612e-001
  4.7537903e-001
  5.0913365e-001
  8.6536524e-001
  1.0300972e+000
  9.7623531e-001
  9.5199729e-001
  9.5353774e-001
  1.1118457e+000
  1.0850432e+000
  1.0348095e+000
  1.0924402e+000
  1.1349507e+000
  1.0288535e+000
  8.0745110e-001
  8.1633889e-001
  7.8165614e-001
  6.7902394e-001
  6.4477319e-001
  9.4486302e-001
  1.1702707e+000
  1.2934756e+000
  1.3377795e+000
  1.3049888e+000
  1.3325856e+000
  1.0478355e+000
  6.9167709e-001
  4.4720733e-001
  3.1472473e-001
  2.4163371e-001
  3.0202846e-001
  7.5765614e-001
  9.0729109e-001
  8.2834369e-001
  7.0106944e-001
  6.0616136e-001
  8.2232767e-001
  1.0707196e+000
  1.2109752e+000
  1.3042754e+000
  1.2851758e+000
  1.3051923e+000
  1.1910295e+000
  8.6700906e-001
  5.7295408e-001
  3.9329543e-001
  3.0490230e-001
  2.6289787e-001
  5.6236638e-001
  9.0665917e-001
  9.1612156e-001
  8.1123653e-001
  6.8970869e-001
  7.2597307e-001
  1.0149909e+000
  1.1228267e+000
  1.2452631e+000
  1.3175217e+000
  1.3240357e+000
  1.2975989e+000
  1.0232019e+000
  7.2716106e-001
  4.8240267e-001
  3.3509484e-001
  2.4759904e-001
  3.5797024e-001
  7.9405649e-001
  9.5879417e-001
  8.8204442e-001
  7.3843839e-001
  6.5506459e-001
  8.8398565e-001
  1.0594473e+000
  1.1481150e+000
  1.2740013e+000
  1.2975027e+000
  1.3371777e+000
  1.1706748e+000
  9.1952601e-001
  6.3895297e-001
  4.3299497e-001
  3.1054753e-001
  2.7401395e-001
  5.4022588e-001
  9.1853956e-001
  9.6931730e-001
  8.5873376e-001
  7.1991968e-001
  7.4481480e-001
  1.0169651e+000
  1.0637349e+000
  1.1632977e+000
  1.2815003e+000
  1.3221322e+000
  1.2938301e+000
  1.0669252e+000
  8.5174958e-001
  5.9004671e-001
  4.0123905e-001
  2.8461476e-001
  3.5667290e-001
  7.1103500e-001
  9.9566980e-001
  9.7826130e-001
  8.3505194e-001
  7.2865249e-001
  8.7767878e-001
  1.0537281e+000
  1.0232778e+000
  1.1498881e+000
  1.2731589e+000
  1.3401304e+000
  1.1697366e+000
  1.0374800e+000
  8.7937438e-001
  6.1304245e-001
  4.1061240e-001
  3.2789493e-001
  4.8610982e-001
  7.6915224e-001
  1.0379392e+000
  1.0160888e+000
  8.7124073e-001
  8.4002617e-001
  1.0164768e+000
  1.0817829e+000
  9.6451570e-001
  1.0762975e+000
  1.2364830e+000
  1.2421821e+000
  9.7411639e-001
  9.7464440e-001
  9.7094163e-001
  7.2015136e-001
  4.9507199e-001
  5.7597115e-001
  8.5068952e-001
  9.2500801e-001
  1.1236766e+000
  1.1409861e+000
  1.0743538e+000
  1.2103519e+000
  1.2702194e+000
  1.0940191e+000
  8.0098887e-001
  7.2897481e-001
  6.2069647e-001
  4.4884234e-001
  4.0075467e-001
  7.6864039e-001
  1.0595421e+000
  1.1845325e+000
  1.1203353e+000
  9.7595271e-001
  1.0506025e+000
  1.0931483e+000
  8.1878739e-001
  6.4094859e-001
  7.3345957e-001
  8.7826456e-001
  7.3767747e-001
  9.2226453e-001
  1.1169375e+000
  1.2039045e+000
  1.2970017e+000
  1.3543892e+000
  1.3776287e+000
  1.1202665e+000
  8.0863887e-001
  5.4581024e-001
  3.6536023e-001
  2.5106347e-001
  2.5461360e-001
  6.5751374e-001
  9.3845679e-001
  9.1252101e-001
  7.6975896e-001
  6.3184796e-001
  7.5067230e-001
  1.0242914e+000
  1.1121838e+000
  1.2469225e+000
  1.2875053e+000
  1.2920877e+000
  1.2532885e+000
  1.0114468e+000
  7.2382394e-001
  4.8716156e-001
  3.5725286e-001
  2.7570075e-001
  4.0575785e-001
  8.2461178e-001
  9.7543471e-001
  9.0484481e-001
  7.7277358e-001
  7.1048029e-001
  9.4231873e-001
  1.0656588e+000
  1.1258115e+000
  1.2572183e+000
  1.3166778e+000
  1.3491207e+000
  1.1279086e+000
  9.1292963e-001
  6.5666820e-001
  4.4211578e-001
  3.0377851e-001
  2.9568024e-001
  5.9363840e-001
  9.5319345e-001
  1.0011661e+000
  8.7539007e-001
  7.3221946e-001
  7.9347340e-001
  1.0412102e+000
  1.0184043e+000
  1.1051075e+000
  1.2502004e+000
  1.3205809e+000
  1.2455702e+000
  1.0710453e+000
  9.4935187e-001
  6.8434847e-001
  4.6115502e-001
  3.2773759e-001
  4.1374893e-001
  6.4872223e-001
  9.8009233e-001
  1.0360156e+000
  9.0866831e-001
  8.1919433e-001
  9.2718851e-001
  1.1071050e+000
  9.9655869e-001
  1.0416907e+000
  1.2105690e+000
  1.2927553e+000
  1.0767084e+000
  9.5261162e-001
  9.7446948e-001
  7.6400160e-001
  5.1814530e-001
  4.4793396e-001
  7.3218922e-001
  8.9546086e-001
  1.0951074e+000
  1.1540945e+000
  1.0398088e+000
  1.1014151e+000
  1.2413576e+000
  1.1339650e+000
  8.2782131e-001
  7.4498853e-001
  7.7084444e-001
  5.8911876e-001
  4.6317175e-001
  7.5532129e-001
  1.0558824e+000
  1.2273751e+000
  1.2691464e+000
  1.1492668e+000
  1.1541688e+000
  1.1581230e+000
  8.3931846e-001
  5.5959975e-001
  4.5196406e-001
  4.8896235e-001
  4.2571219e-001
  6.8822447e-001
  9.6445281e-001
  9.6461736e-001
  9.5814702e-001
  9.3300450e-001
  9.8572857e-001
  1.1363632e+000
  1.1193228e+000
  1.1407766e+000
  1.1615769e+000
  1.1902711e+000
  9.4735444e-001
  7.5939850e-001
  6.4693632e-001
  5.6266646e-001
  4.7240759e-001
  5.9074381e-001
  9.5751667e-001
  1.1351814e+000
  1.1602356e+000
  1.0987748e+000
  1.0514483e+000
  1.1827623e+000
  9.7627694e-001
  7.3216046e-001
  6.3151500e-001
  6.9198284e-001
  6.1628320e-001
  6.3823993e-001
  9.7248517e-001
  1.1208938e+000
  1.1994812e+000
  1.2512246e+000
  1.2173737e+000
  1.2718779e+000
  1.0280937e+000
  7.5655929e-001
  5.3436418e-001
  4.1875759e-001
  3.3448916e-001
  4.0223413e-001
  8.1390373e-001
  1.0046288e+000
  9.6772894e-001
  8.6843114e-001
  7.8396167e-001
  9.7486715e-001
  1.0639784e+000
  1.0465735e+000
  1.1528314e+000
  1.2810277e+000
  1.3166335e+000
  1.0764674e+000
  9.5952700e-001
  8.1097712e-001
  5.7447345e-001
  3.8642953e-001
  3.8992127e-001
  6.5917425e-001
  9.6394973e-001
  1.1231969e+000
  1.0349769e+000
  8.9312061e-001
  9.6610973e-001
  1.1429271e+000
  9.4706267e-001
  8.1584027e-001
  9.7834781e-001
  1.1242797e+000
  9.3173371e-001
  8.6864644e-001
  1.1082789e+000
  1.2079628e+000
  9.8108988e-001
  9.1320672e-001
  1.1359421e+000
  1.0631766e+000
  7.5135351e-001
  7.0130725e-001
  9.8194522e-001
  9.1670398e-001
  7.2942427e-001
  9.7260209e-001
  1.1349195e+000
  1.2216092e+000
  1.1457172e+000
  1.2656465e+000
  1.3075044e+000
  1.0414724e+000
  7.2133122e-001
  5.9015695e-001
  4.6362270e-001
  3.3246406e-001
  3.7553572e-001
  7.9719309e-001
  1.0011073e+000
  1.0239276e+000
  9.1219220e-001
  7.9389015e-001
  9.6491579e-001
  1.0808342e+000
  9.9438486e-001
  1.0462966e+000
  1.2135383e+000
  1.2856915e+000
  1.0512538e+000
  9.6846944e-001
  9.7398485e-001
  7.5972374e-001
  5.1426867e-001
  4.8385381e-001
  7.4521744e-001
  8.9048346e-001
  1.0941798e+000
  1.1501686e+000
  1.0502856e+000
  1.1312959e+000
  1.2601404e+000
  1.1473277e+000
  8.3821655e-001
  7.4946380e-001
  7.2955100e-001
  5.4361868e-001
  4.2494425e-001
  7.1965825e-001
  1.0390145e+000
  1.2121613e+000
  1.2269378e+000
  1.0898180e+000
  1.0899246e+000
  1.1473174e+000
  8.5117152e-001
  5.8600136e-001
  5.2398734e-001
  6.3023939e-001
  5.4518556e-001
  7.4840032e-001
  1.0093180e+000
  1.0314725e+000
  1.0936958e+000
  1.1279886e+000
  1.1655063e+000
  1.1910548e+000
  1.0535075e+000
  9.2569639e-001
  7.4959252e-001
  6.4166029e-001
  4.9496723e-001
  5.3465325e-001
  7.6069087e-001
  1.0534440e+000
  1.1846090e+000
  1.1500760e+000
  1.0789511e+000
  1.1633773e+000
  1.1723180e+000
  8.6730807e-001
  6.4902982e-001
  6.2894420e-001
  6.0699698e-001
  4.7939752e-001
  6.9322815e-001
  1.0018546e+000
  1.1086914e+000
  1.1715005e+000
  1.1216544e+000
  1.1113594e+000
  1.1855715e+000
  9.8299767e-001
  7.4853072e-001
  6.1147259e-001
  6.2149596e-001
  5.1511022e-001
  5.9349757e-001
  9.4129279e-001
  1.1003928e+000
  1.1548736e+000
  1.1442395e+000
  1.1015563e+000
  1.2148860e+000
  1.0338131e+000
  7.9854153e-001
  6.3229796e-001
  6.0722452e-001
  5.2376652e-001
  5.2176518e-001
  8.6460833e-001
  1.0826914e+000
  1.1405649e+000
  1.1420374e+000
  1.0717860e+000
  1.1811844e+000
  1.0835980e+000
  8.4310618e-001
  6.6848518e-001
  6.4391316e-001
  6.0950924e-001
  5.3103712e-001
  8.1369833e-001
  1.0751226e+000
  1.1617388e+000
  1.2105856e+000
  1.1566153e+000
  1.2122593e+000
  1.1409441e+000
  8.6192271e-001
  6.3004510e-001
  5.1086570e-001
  4.6614527e-001
  3.9876461e-001
  6.8362585e-001
  9.9427796e-001
  1.0421245e+000
  1.0152794e+000
  9.3347032e-001
  9.7946481e-001
  1.1184171e+000
  1.0032480e+000
  9.4710196e-001
  1.0159327e+000
  1.1185171e+000
  9.1999214e-001
  8.5405228e-001
  9.8102842e-001
  1.0368839e+000
  8.7175242e-001
  8.8187039e-001
  1.1184057e+000
  1.1853064e+000
  1.0510212e+000
  1.0918466e+000
  1.2434319e+000
  1.0966618e+000
  7.7824318e-001
  6.8383655e-001
  7.4345763e-001
  5.8099601e-001
  4.7695835e-001
  8.1076759e-001
  1.0571083e+000
  1.2102464e+000
  1.2511321e+000
  1.1380109e+000
  1.1806444e+000
  1.1461518e+000
  8.4746792e-001
  5.7622605e-001
  4.7601422e-001
  4.8797215e-001
  4.2292570e-001
  6.8971343e-001
  9.7381726e-001
  9.8810697e-001
  9.8460649e-001
  9.4093694e-001
  9.9243723e-001
  1.1347319e+000
  1.0887102e+000
  1.0769260e+000
  1.1016857e+000
  1.1471812e+000
  9.1765857e-001
  7.6745745e-001
  7.2717941e-001
  7.0242111e-001
  6.0795644e-001
  7.2220656e-001
  1.0379441e+000
  1.2063742e+000
  1.2864909e+000
  1.2867801e+000
  1.2683472e+000
  1.2504989e+000
  9.1093314e-001
  6.0650672e-001
  4.1487587e-001
  3.2676583e-001
  2.6465628e-001
  4.8417506e-001
  8.7749114e-001
  9.2469983e-001
  8.3291060e-001
  7.1780882e-001
  6.9916155e-001
  9.8547327e-001
  1.1132955e+000
  1.2294648e+000
  1.3182286e+000
  1.3273059e+000
  1.3295009e+000
  1.0623822e+000
  7.6354380e-001
  5.0742231e-001
  3.4600608e-001
  2.4982495e-001
  3.1294107e-001
  7.4020735e-001
  9.5359203e-001
  8.9420780e-001
  7.5168205e-001
  6.4479702e-001
  8.3071916e-001
  1.0490790e+000
  1.1343456e+000
  1.2648623e+000
  1.2946645e+000
  1.3254259e+000
  1.2068700e+000
  9.5558674e-001
  6.7050887e-001
  4.5239900e-001
  3.2664307e-001
  2.6736357e-001
  4.7994989e-001
  8.8525268e-001
  9.7253079e-001
  8.7566797e-001
  7.3568835e-001
  7.2051112e-001
  9.8995621e-001
  1.0646656e+000
  1.1502847e+000
  1.2756971e+000
  1.3174553e+000
  1.3221738e+000
  1.0915132e+000
  8.7505051e-001
  6.1215169e-001
  4.1465936e-001
  2.8982533e-001
  3.2621994e-001
  6.6249419e-001
  9.7933316e-001
  9.8438361e-001
  8.4770903e-001
  7.2384836e-001
  8.3738730e-001
  1.0510524e+000
  1.0256998e+000
  1.1398474e+000
  1.2679410e+000
  1.3351279e+000
  1.2048695e+000
  1.0483383e+000
  8.9432892e-001
  6.2776191e-001
  4.2217226e-001
  3.1779539e-001
  4.4898264e-001
  7.3127604e-001
  1.0220251e+000
  1.0187052e+000
  8.7549817e-001
  8.1644896e-001
  9.7438966e-001
  1.0867634e+000
  9.7556267e-001
  1.0744101e+000
  1.2371779e+000
  1.2830900e+000
  1.0281701e+000
  9.8281314e-001
  9.7037662e-001
  7.2126929e-001
  4.8614751e-001
  4.8860484e-001
  7.5779160e-001
  8.7333348e-001
  1.0952118e+000
  1.1233642e+000
  1.0233111e+000
  1.1293327e+000
  1.2649110e+000
  1.1511387e+000
  8.5974151e-001
  8.1095871e-001
  7.8396125e-001
  5.7343473e-001
  4.3603783e-001
  7.1376579e-001
  1.0422101e+000
  1.2223029e+000
  1.2604713e+000
  1.1249177e+000
  1.1112661e+000
  1.1597338e+000
  8.5023833e-001
  5.6895391e-001
  4.7428514e-001
  5.5485012e-001
  4.8464107e-001
  7.0821991e-001
  9.8092314e-001
  9.8628263e-001
  1.0102744e+000
  1.0229315e+000
  1.0662298e+000
  1.1668396e+000
  1.1040455e+000
  1.0719198e+000
  9.9229956e-001
  9.4717047e-001
  7.3248957e-001
  6.3684981e-001
  6.4157507e-001
  7.5544294e-001
  9.1242656e-001
  1.1260814e+000
  1.2075475e+000
  1.2292650e+000
  1.2825360e+000
  1.3376741e+000
  1.1307132e+000
  7.9100618e-001
  5.6665608e-001
  4.1894125e-001
  2.9942178e-001
  2.7910976e-001
  6.7586571e-001
  9.5109603e-001
  9.5683654e-001
  8.4124007e-001
  7.0521698e-001
  8.0737680e-001
  1.0497049e+000
  1.0819346e+000
  1.1901598e+000
  1.2927709e+000
  1.3353558e+000
  1.2284011e+000
  1.0014656e+000
  7.8073676e-001
  5.3609975e-001
  3.6750588e-001
  2.7904722e-001
  4.4433736e-001
  8.3808303e-001
  1.0275052e+000
  9.5834169e-001
  8.0380232e-001
  7.4920459e-001
  9.7914408e-001
  1.0299021e+000
  1.0115199e+000
  1.1690053e+000
  1.2828206e+000
  1.3144502e+000
  1.1017833e+000
  1.0480717e+000
  8.7016598e-001
  5.9744934e-001
  3.9916933e-001
  3.8732397e-001
  5.4530300e-001
  7.9398380e-001
  1.0449780e+000
  1.0069702e+000
  8.8491172e-001
  9.1271098e-001
  1.0820024e+000
  1.0985055e+000
  9.7884600e-001
  1.0904898e+000
  1.2137778e+000
  1.1230584e+000
  8.5170012e-001
  8.8625718e-001
  8.9097516e-001
  6.7738652e-001
  5.3302612e-001
  7.9339001e-001
  1.0752802e+000
  1.1771948e+000
  1.2799896e+000
  1.2230797e+000
  1.2363120e+000
  1.1692802e+000
  8.6699480e-001
  5.9403805e-001
  4.2972914e-001
  3.7891511e-001
  3.2780908e-001
  6.2077753e-001
  9.4837134e-001
  9.6302042e-001
  8.9033365e-001
  7.9688397e-001
  8.4255075e-001
  1.0704276e+000
  1.0862916e+000
  1.1676636e+000
  1.2818608e+000
  1.3535866e+000
  1.2086289e+000
  9.7024170e-001
  7.7418249e-001
  5.5061516e-001
  3.7048122e-001
  2.8298161e-001
  4.9405702e-001
  8.8543354e-001
  1.0605693e+000
  9.8453750e-001
  8.1922015e-001
  7.8179820e-001
  1.0234635e+000
  9.9508388e-001
  9.3819747e-001
  1.1101797e+000
  1.2570585e+000
  1.2584335e+000
  1.0736752e+000
  1.1319503e+000
  1.0320637e+000
  7.2315138e-001
  4.8358680e-001
  4.9560194e-001
  5.5123258e-001
  5.7116353e-001
  9.0551425e-001
  1.0161103e+000
  9.7669950e-001
  1.0227957e+000
  1.0522001e+000
  1.1856625e+000
  1.1116965e+000
  1.0784905e+000
  1.0443066e+000
  9.5295606e-001
  7.7518945e-001
  6.2128404e-001
  6.4433676e-001
  6.8275905e-001
  8.3453949e-001
  1.0712437e+000
  1.1795617e+000
  1.2104631e+000
  1.2510141e+000
  1.3229864e+000
  1.2277461e+000
  8.8589670e-001
  6.4132555e-001
  4.7522502e-001
  3.4710908e-001
  2.6930747e-001
  5.3666609e-001
  9.1740940e-001
  9.9399128e-001
  9.0924833e-001
  7.6509999e-001
  7.5348876e-001
  1.0227772e+000
  1.0487548e+000
  1.1002525e+000
  1.2427396e+000
  1.3134448e+000
  1.2827154e+000
  1.0630842e+000
  9.1888074e-001
  6.8030656e-001
  4.6099464e-001
  3.2097617e-001
  3.8908897e-001
  6.8532427e-001
  1.0067904e+000
  1.0492614e+000
  9.1506193e-001
  8.0277989e-001
  9.2514617e-001
  1.0865933e+000
  9.5236256e-001
  1.0010731e+000
  1.1882493e+000
  1.2860389e+000
  1.0771092e+000
  1.0183480e+000
  1.0847918e+000
  8.6873191e-001
  5.8523487e-001
  4.9086701e-001
  6.9534086e-001
  7.1148939e-001
  8.5546804e-001
  1.0731904e+000
  1.0422718e+000
  1.1112980e+000
  1.2353302e+000
  1.3139280e+000
  1.1642486e+000
  9.7510461e-001
  8.7252190e-001
  6.4797014e-001
  4.4789416e-001
  3.5213055e-001
  5.6947701e-001
  8.7688804e-001
  1.1091198e+000
  1.0884906e+000
  9.3839929e-001
  9.1848570e-001
  1.1194887e+000
  1.0214474e+000
  8.1337255e-001
  8.8130426e-001
  1.0808937e+000
  9.9806126e-001
  8.2243307e-001
  1.0422058e+000
  1.2184349e+000
  1.1173026e+000
  9.3817930e-001
  1.1257942e+000
  1.1632746e+000
  8.5167364e-001
  6.2651173e-001
  8.0558063e-001
  8.3619870e-001
  6.2994897e-001
  7.8482624e-001
  1.0377999e+000
  1.1760767e+000
  1.2771769e+000
  1.3168107e+000
  1.3100627e+000
  1.2365424e+000
  9.4762489e-001
  6.4046116e-001
  4.2526355e-001
  3.1265732e-001
  2.5211094e-001
  4.5094280e-001
  8.6566789e-001
  9.3759010e-001
  8.3704708e-001
  7.0446300e-001
  6.7793785e-001
  9.6027406e-001
  1.0914289e+000
  1.2078971e+000
  1.3033797e+000
  1.3080337e+000
  1.3323149e+000
  1.0979285e+000
  8.1119545e-001
  5.4373564e-001
  3.7362053e-001
  2.7078465e-001
  2.9828226e-001
  6.8631079e-001
  9.5376472e-001
  9.2207467e-001
  7.8932464e-001
  6.7098728e-001
  8.0574920e-001
  1.0440832e+000
  1.1066981e+000
  1.2385488e+000
  1.3009247e+000
  1.3316430e+000
  1.2302194e+000
  9.9256117e-001
  7.2289334e-001
  4.8593570e-001
  3.4065350e-001
  2.6497699e-001
  4.3543761e-001
  8.4911504e-001
  9.8914667e-001
  9.0426108e-001
  7.5701051e-001
  7.1210831e-001
  9.6155307e-001
  1.0510270e+000
  1.1067534e+000
  1.2478738e+000
  1.3065373e+000
  1.3353811e+000
  1.1204013e+000
  9.4214782e-001
  6.8586297e-001
  4.6386080e-001
  3.1887415e-001
  3.1724808e-001
  5.8142317e-001
  9.4544098e-001
  1.0183113e+000
  9.0083495e-001
  7.6244977e-001
  8.1707368e-001
  1.0557787e+000
  1.0127052e+000
  1.0685007e+000
  1.2289861e+000
  1.3200812e+000
  1.2281398e+000
  1.0485530e+000
  9.8156888e-001
  7.3785256e-001
  4.9516143e-001
  3.5089077e-001
  4.6214937e-001
  6.6751456e-001
  9.7513659e-001
  1.0691253e+000
  9.5043447e-001
  8.7365166e-001
  9.9335242e-001
  1.1514340e+000
  9.8834579e-001
  9.7040048e-001
  1.1394862e+000
  1.1896531e+000
  9.3706192e-001
  8.4410718e-001
  9.9365835e-001
  8.8751741e-001
  6.5092635e-001
  6.9517192e-001
  1.0176957e+000
  1.1125557e+000
  1.1219454e+000
  1.2415119e+000
  1.2440087e+000
  1.2577761e+000
  9.7379956e-001
  8.1364887e-001
  6.0082220e-001
  4.4714085e-001
  3.3769977e-001
  4.7413285e-001
  8.7189706e-001
  1.0851122e+000
  1.0535395e+000
  9.2414779e-001
  8.4350430e-001
  1.0512237e+000
  1.0001457e+000
  8.5656988e-001
  9.4152856e-001
  1.1471561e+000
  1.1591489e+000
  9.8205507e-001
  1.1241774e+000
  1.2315065e+000
  1.0270640e+000
  7.2634146e-001
  7.8181137e-001
  7.9570206e-001
  5.9258141e-001
  5.4559267e-001
  9.0128477e-001
  1.1218003e+000
  1.2652621e+000
  1.2937041e+000
  1.1906668e+000
  1.2568785e+000
  1.0876256e+000
  7.4485543e-001
  4.9012699e-001
  3.9029242e-001
  3.5277535e-001
  3.5692285e-001
  7.5527423e-001
  9.4456154e-001
  8.9849998e-001
  8.3231546e-001
  7.5884884e-001
  9.1166224e-001
  1.0964061e+000
  1.1709341e+000
  1.2745105e+000
  1.3484458e+000
  1.3799393e+000
  1.1419369e+000
  8.5539591e-001
  5.9740665e-001
  3.9860680e-001
  2.6957229e-001
  2.5459920e-001
  6.1186803e-001
  9.4413278e-001
  9.5269864e-001
  8.1405482e-001
  6.6551659e-001
  7.4321897e-001
  1.0176889e+000
  1.0647221e+000
  1.1941637e+000
  1.2805513e+000
  1.2992525e+000
  1.2678126e+000
  1.0637655e+000
  8.2236883e-001
  5.5970405e-001
  3.9415421e-001
  2.9096147e-001
  3.7168487e-001
  7.3598719e-001
  9.9027377e-001
  9.5968432e-001
  8.2514183e-001
  7.3497412e-001
  8.9708024e-001
  1.0605332e+000
  1.0547190e+000
  1.1828586e+000
  1.2919456e+000
  1.3495241e+000
  1.1556228e+000
  9.9475462e-001
  8.0090731e-001
  5.5069068e-001
  3.6940407e-001
  3.1141880e-001
  5.2150517e-001
  8.7119752e-001
  1.0575274e+000
  9.8187535e-001
  8.2661807e-001
  8.2242483e-001
  1.0490634e+000
  1.0194387e+000
  9.5647342e-001
  1.1212236e+000
  1.2668361e+000
  1.2297193e+000
  1.0117527e+000
  1.0652469e+000
  9.7028807e-001
  6.8001429e-001
  4.6456294e-001
  5.5847073e-001
  6.9945571e-001
  7.5982031e-001
  1.0352840e+000
  1.0609721e+000
  1.0185469e+000
  1.1405973e+000
  1.2492420e+000
  1.2353542e+000
  1.0020122e+000
  9.5559685e-001
  8.3626498e-001
  6.0970608e-001
  4.2886827e-001
  5.2595100e-001
  8.0014807e-001
  1.0258245e+000
  1.1749798e+000
  1.0959383e+000
  1.0059354e+000
  1.1459724e+000
  1.1874592e+000
  8.9263470e-001
  7.0340354e-001
  7.8008156e-001
  7.5792796e-001
  5.6821777e-001
  7.0359791e-001
  1.0213557e+000
  1.1909042e+000
  1.3043214e+000
  1.2905494e+000
  1.2407562e+000
  1.2451760e+000
  9.3877577e-001
  6.2059156e-001
  4.1430586e-001
  3.3907286e-001
  2.8199609e-001
  4.6629972e-001
  8.7036417e-001
  9.2467042e-001
  8.3703495e-001
  7.3528930e-001
  7.1104881e-001
  9.8469735e-001
  1.1145120e+000
  1.2296496e+000
  1.3215122e+000
  1.3408910e+000
  1.3390764e+000
  1.0658271e+000
  7.6448119e-001
  5.0756798e-001
  3.4209328e-001
  2.4351886e-001
  3.0393009e-001
  7.3317871e-001
  9.5019045e-001
  8.9071674e-001
  7.4473026e-001
  6.3408071e-001
  8.1770636e-001
  1.0457093e+000
  1.1366735e+000
  1.2666087e+000
  1.2893644e+000
  1.3159941e+000
  1.2128899e+000
  9.5871487e-001
  6.6972506e-001
  4.5293915e-001
  3.3146805e-001
  2.6935814e-001
  4.7309943e-001
  8.8062022e-001
  9.6963884e-001
  8.7672299e-001
  7.4005135e-001
  7.1987802e-001
  9.8743224e-001
  1.0690213e+000
  1.1542723e+000
  1.2781930e+000
  1.3202080e+000
  1.3259546e+000
  1.0908325e+000
  8.6728592e-001
  6.0556188e-001
  4.0956752e-001
  2.8604633e-001
  3.2219845e-001
  6.6774591e-001
  9.7948863e-001
  9.7940171e-001
  8.4112626e-001
  7.1646808e-001
  8.3406315e-001
  1.0482588e+000
  1.0296051e+000
  1.1488123e+000
  1.2710175e+000
  1.3345483e+000
  1.2082010e+000
  1.0496989e+000
  8.8275263e-001
  6.1583311e-001
  4.1543322e-001
  3.1320647e-001
  4.4122742e-001
  7.3558280e-001
  1.0204952e+000
  1.0098956e+000
  8.6604666e-001
  8.0537683e-001
  9.6606424e-001
  1.0802548e+000
  9.8344519e-001
  1.0916859e+000
  1.2484612e+000
  1.2975038e+000
  1.0481730e+000
  9.9254225e-001
  9.4977834e-001
  6.9371515e-001
  4.6466660e-001
  4.5457406e-001
  7.0987496e-001
  8.5854097e-001
  1.0953165e+000
  1.1034674e+000
  9.8950334e-001
  1.0772541e+000
  1.2359941e+000
  1.1323729e+000
  8.6583395e-001
  8.6152164e-001
  8.9137609e-001
  6.7675191e-001
  5.1000803e-001
  7.6642194e-001
  1.0651383e+000
  1.1873332e+000
  1.2855657e+000
  1.2131854e+000
  1.2128844e+000
  1.1799371e+000
  8.6742613e-001
  5.8899781e-001
  4.2828106e-001
  3.9654792e-001
  3.4064289e-001
  6.1618417e-001
  9.4362758e-001
  9.5671208e-001
  8.9467149e-001
  8.1565552e-001
  8.5318485e-001
  1.0780690e+000
  1.1005780e+000
  1.1786125e+000
  1.2828222e+000
  1.3544799e+000
  1.1979041e+000
  9.4595370e-001
  7.4153706e-001
  5.2874117e-001
  3.5784401e-001
  2.7942924e-001
  5.2116648e-001
  9.1494640e-001
  1.0567097e+000
  9.6775435e-001
  8.0254846e-001
  7.8277181e-001
  1.0323143e+000
  9.8379750e-001
  9.5430670e-001
  1.1344316e+000
  1.2682121e+000
  1.2487213e+000
  1.0839086e+000
  1.1341943e+000
  9.9214105e-001
  6.8520389e-001
  4.6164964e-001
  4.8356684e-001
  5.2854583e-001
  5.9501935e-001
  9.3882676e-001
  1.0094313e+000
  9.6150898e-001
  9.9649965e-001
  1.0342712e+000
  1.1775355e+000
  1.0930848e+000
  1.0904718e+000
  1.0875584e+000
  1.0237563e+000
  8.1829334e-001
  6.7211164e-001
  6.7442707e-001
  6.5263542e-001
  7.0836203e-001
  9.4052546e-001
  1.1362321e+000
  1.2203781e+000
  1.2565596e+000
  1.2857825e+000
  1.3331578e+000
  1.0697437e+000
  7.5320878e-001
  5.2727882e-001
  3.8593624e-001
  2.8224585e-001
  3.1294095e-001
  7.4402204e-001
  9.6054115e-001
  9.2824603e-001
  8.0431248e-001
  6.8696024e-001
  8.5561149e-001
  1.0594902e+000
  1.1095352e+000
  1.2342655e+000
  1.3064883e+000
  1.3465980e+000
  1.1921534e+000
  9.5822158e-001
  7.0639226e-001
  4.7675978e-001
  3.2993613e-001
  2.7108199e-001
  4.9786846e-001
  8.9704560e-001
  1.0060889e+000
  9.0488243e-001
  7.5272923e-001
  7.4290835e-001
  1.0053632e+000
  1.0301717e+000
  1.0829422e+000
  1.2350326e+000
  1.3058662e+000
  1.3024321e+000
  1.0969005e+000
  9.7458738e-001
  7.2294288e-001
  4.8890871e-001
  3.3509360e-001
  3.6408406e-001
  5.8867756e-001
  9.3799647e-001
  1.0399249e+000
  9.2908348e-001
  8.0662689e-001
  8.7146666e-001
  1.0886093e+000
  1.0119257e+000
  1.0245981e+000
  1.1946666e+000
  1.3031668e+000
  1.1634776e+000
  9.8129212e-001
  9.9390485e-001
  8.0160251e-001
  5.4358939e-001
  4.0473883e-001
  6.0986329e-001
  7.9995536e-001
  1.0156711e+000
  1.1333445e+000
  1.0268740e+000
  1.0084746e+000
  1.1775610e+000
  1.2219615e+000
  9.4147750e-001
  8.2205275e-001
  9.1267696e-001
  7.8524025e-001
  5.5632213e-001
  6.3794210e-001
  9.8414322e-001
  1.1618164e+000
  1.2595959e+000
  1.2669234e+000
  1.1945357e+000
  1.2540965e+000
  9.7328918e-001
  6.7679117e-001
  4.6068834e-001
  3.9088243e-001
  3.3119454e-001
  4.5235738e-001
  8.6756841e-001
  9.6811956e-001
  9.0276870e-001
  8.2189047e-001
  7.7435623e-001
  1.0092760e+000
  1.0898047e+000
  1.1544076e+000
  1.2654794e+000
  1.3434358e+000
  1.3225119e+000
  1.0501411e+000
  8.2694109e-001
  5.9315500e-001
  3.9940632e-001
  2.7511243e-001
  3.4872008e-001
  7.4322989e-001
  1.0120954e+000
  9.8920813e-001
  8.3575827e-001
  7.1668215e-001
  8.8638704e-001
  1.0382076e+000
  9.8976697e-001
  1.1242027e+000
  1.2560777e+000
  1.3275981e+000
  1.1654341e+000
  1.0847385e+000
  9.5765625e-001
  6.7376668e-001
  4.5141561e-001
  3.5826479e-001
  4.6414522e-001
  6.4122579e-001
  9.7324046e-001
  1.0238278e+000
  9.0632510e-001
  8.6748858e-001
  9.6616366e-001
  1.1312002e+000
  1.0277703e+000
  1.0761094e+000
  1.2171813e+000
  1.2545139e+000
  1.0099744e+000
  8.6944518e-001
  8.6494669e-001
  6.7650230e-001
  4.7945788e-001
  4.9660992e-001
  8.6112629e-001
  1.0954745e+000
  1.2374713e+000
  1.1833178e+000
  1.0575462e+000
  1.1712146e+000
  1.0847429e+000
  7.6659532e-001
  5.5124848e-001
  5.7261679e-001
  5.9100947e-001
  5.2114228e-001
  8.3630123e-001
  1.0200207e+000
  1.0485331e+000
  1.1179968e+000
  1.0957431e+000
  1.1803053e+000
  1.1524979e+000
  1.0213002e+000
  8.5608878e-001
  7.2786406e-001
  6.4461351e-001
  5.1390834e-001
  5.9580275e-001
  8.7446713e-001
  1.1232025e+000
  1.2248837e+000
  1.1769686e+000
  1.1319103e+000
  1.2376584e+000
  1.0822631e+000
  7.5708269e-001
  5.5856140e-001
  5.2354633e-001
  4.5840585e-001
  4.2063282e-001
  7.9257774e-001
  9.9725178e-001
  1.0258506e+000
  1.0119567e+000
  9.3024695e-001
  1.0440689e+000
  1.1212903e+000
  1.0354235e+000
  9.7546469e-001
  1.0417162e+000
  1.0809736e+000
  8.4833252e-001
  7.8401400e-001
  8.8668835e-001
  9.3862898e-001
  8.1185305e-001
  9.6071241e-001
  1.1772301e+000
  1.2883490e+000
  1.2688579e+000
  1.3154872e+000
  1.3424762e+000
  1.0368707e+000
  6.8269206e-001
  4.6262327e-001
  3.4158317e-001
  2.4740178e-001
  3.1244911e-001
  7.6856439e-001
  9.1516548e-001
  8.5727282e-001
  7.2918876e-001
  6.2679395e-001
  8.4494754e-001
  1.0784646e+000
  1.2001138e+000
  1.3040312e+000
  1.3024531e+000
  1.3263244e+000
  1.1812489e+000
  8.6421458e-001
  5.7671606e-001
  3.9028905e-001
  2.9161855e-001
  2.5566349e-001
  5.7075116e-001
  9.1319422e-001
  9.2032453e-001
  8.0536671e-001
  6.7585470e-001
  7.2148935e-001
  1.0121413e+000
  1.1131188e+000
  1.2393457e+000
  1.3088716e+000
  1.3121534e+000
  1.2922773e+000
  1.0321894e+000
  7.4087968e-001
  4.9335004e-001
  3.4645600e-001
  2.5738759e-001
  3.5877130e-001
  7.8679782e-001
  9.6453103e-001
  8.9512847e-001
  7.5526759e-001
  6.7032256e-001
  8.8724994e-001
  1.0590265e+000
  1.1344721e+000
  1.2648436e+000
  1.3036644e+000
  1.3441585e+000
  1.1704640e+000
  9.3155358e-001
  6.5748814e-001
  4.4352013e-001
  3.1253074e-001
  2.7410752e-001
  5.3179389e-001
  9.1656934e-001
  9.8103281e-001
  8.6994963e-001
  7.2652814e-001
  7.4599389e-001
  1.0156296e+000
  1.0511069e+000
  1.1408871e+000
  1.2697335e+000
  1.3182486e+000
  1.2942708e+000
  1.0769551e+000
  8.8808119e-001
  6.2472008e-001
  4.2374793e-001
  2.9769334e-001
  3.5848596e-001
  6.7633886e-001
  9.9127604e-001
  1.0006110e+000
  8.6273263e-001
  7.5113483e-001
  8.7473671e-001
  1.0638504e+000
  1.0059438e+000
  1.1091932e+000
  1.2552205e+000
  1.3338507e+000
  1.1640529e+000
  1.0366798e+000
  9.3669929e-001
  6.7268232e-001
  4.4826891e-001
  3.5018542e-001
  5.1248990e-001
  7.3458608e-001
  1.0289663e+000
  1.0525246e+000
  9.1668422e-001
  8.8762601e-001
  1.0441861e+000
  1.1284713e+000
  9.5514178e-001
  1.0055784e+000
  1.1703605e+000
  1.1519805e+000
  8.7290314e-001
  8.8121931e-001
  1.0041285e+000
  8.3103566e-001
  6.2023537e-001
  7.8569063e-001
  1.0734249e+000
  1.0958381e+000
  1.1544469e+000
  1.2414812e+000
  1.2684983e+000
  1.1940400e+000
  9.1901446e-001
  7.7456524e-001
  5.6036491e-001
  4.2123235e-001
  3.3180348e-001
  5.8060745e-001
  9.5423304e-001
  1.1014404e+000
  1.0363829e+000
  8.9512029e-001
  8.7929020e-001
  1.0890979e+000
  9.4387946e-001
  8.3471231e-001
  9.7127137e-001
  1.1676460e+000
  1.0782630e+000
  9.9048767e-001
  1.1695645e+000
  1.2430975e+000
  9.8551276e-001
  7.4332885e-001
  8.6886017e-001
  7.7819805e-001
  5.5363879e-001
  5.6120731e-001
  9.3094130e-001
  1.1547092e+000
  1.2701909e+000
  1.2716788e+000
  1.1637164e+000
  1.2455372e+000
  1.0233046e+000
  6.9741356e-001
  4.6809628e-001
  4.0426790e-001
  3.7046707e-001
  4.1929150e-001
  8.3216099e-001
  9.5909277e-001
  9.0406895e-001
  8.5227991e-001
  7.9868368e-001
  9.9795373e-001
  1.1079728e+000
  1.1695030e+000
  1.2644520e+000
  1.3436120e+000
  1.3330007e+000
  1.0438452e+000
  7.9817215e-001
  5.7090633e-001
  3.8823364e-001
  2.6788304e-001
  3.4068107e-001
  7.5882896e-001
  1.0048579e+000
  9.7148828e-001
  8.1844846e-001
  6.9874396e-001
  8.8192268e-001
  1.0357222e+000
  1.0146549e+000
  1.1563989e+000
  1.2671917e+000
  1.3300171e+000
  1.1749214e+000
  1.0681945e+000
  8.9467561e-001
  6.1959456e-001
  4.1946920e-001
  3.3589325e-001
  4.5367549e-001
  7.1139355e-001
  1.0078762e+000
  1.0067103e+000
  8.7432587e-001
  8.3216029e-001
  9.7135436e-001
  1.0995725e+000
  1.0068088e+000
  1.1033327e+000
  1.2508551e+000
  1.2877688e+000
  1.0275767e+000
  9.3917589e-001
  8.8901116e-001
  6.5376510e-001
  4.4478445e-001
  4.6057432e-001
  7.7853621e-001
  9.9225262e-001
  1.1736478e+000
  1.1219293e+000
  9.9246004e-001
  1.1052377e+000
  1.1908055e+000
  9.2844251e-001
  7.0098601e-001
  7.5964660e-001
  8.0950453e-001
  6.1988752e-001
  6.8329323e-001
  1.0071633e+000
  1.1723034e+000
  1.2930683e+000
  1.3215597e+000
  1.2705495e+000
  1.2761812e+000
  9.7954707e-001
  6.5364087e-001
  4.2784251e-001
  3.2258725e-001
  2.5850067e-001
  4.0030412e-001
  8.3350372e-001
  9.2522272e-001
  8.3391169e-001
  7.1509596e-001
  6.6177772e-001
  9.2651694e-001
  1.0960877e+000
  1.2178931e+000
  1.3113830e+000
  1.3126161e+000
  1.3436568e+000
  1.1219986e+000
  8.1287722e-001
  5.3964296e-001
  3.6757751e-001
  2.6751923e-001
  2.7344441e-001
  6.5650138e-001
  9.3551431e-001
  9.0719736e-001
  7.7737197e-001
  6.5326258e-001
  7.6747106e-001
  1.0346718e+000
  1.1254141e+000
  1.2554155e+000
  1.3024266e+000
  1.3150157e+000
  1.2522141e+000
  9.9128925e-001
  7.0135495e-001
  4.6897271e-001
  3.3596858e-001
  2.5893487e-001
  4.1587462e-001
  8.4086118e-001
  9.6803328e-001
  8.8312859e-001
  7.4291948e-001
  6.8954658e-001
  9.4286494e-001
  1.0652645e+000
  1.1469603e+000
  1.2735351e+000
  1.3096348e+000
  1.3422441e+000
  1.1289497e+000
  8.9600516e-001
  6.2696549e-001
  4.2418047e-001
  2.9723320e-001
  2.9318693e-001
  6.0182067e-001
  9.5082396e-001
  9.7877189e-001
  8.5323436e-001
  7.1681139e-001
  7.8584792e-001
  1.0379587e+000
  1.0440555e+000
  1.1497427e+000
  1.2728779e+000
  1.3270920e+000
  1.2533015e+000
  1.0569547e+000
  8.7480481e-001
  6.1089047e-001
  4.1415625e-001
  2.9887340e-001
  3.9869153e-001
  7.1896391e-001
  1.0096389e+000
  1.0009891e+000
  8.5709613e-001
  7.6942427e-001
  9.2201028e-001
  1.0680183e+000
  9.9498704e-001
  1.1080494e+000
  1.2566689e+000
  1.3265293e+000
  1.1124441e+000
  1.0235037e+000
  9.3924726e-001
  6.7424078e-001
  4.4796367e-001
  3.8484226e-001
  5.8400770e-001
  7.7692093e-001
  1.0518350e+000
  1.0651214e+000
  9.3508390e-001
  9.5377408e-001
  1.1222772e+000
  1.1409835e+000
  9.3323583e-001
  9.7278473e-001
  1.1044195e+000
  9.8469056e-001
  7.2210182e-001
  8.1576951e-001
  1.0104503e+000
  9.0757144e-001
  8.3373144e-001
  1.0751827e+000
  1.2218715e+000
  1.2073162e+000
  1.1549664e+000
  1.2756012e+000
  1.1949468e+000
  8.5650623e-001
  5.8654534e-001
  5.2223558e-001
  4.2019440e-001
  3.2967539e-001
  6.0627939e-001
  9.3034262e-001
  9.9815162e-001
  9.7429889e-001
  8.5930033e-001
  8.6513236e-001
  1.0899012e+000
  1.0908303e+000
  1.0599913e+000
  1.1610887e+000
  1.2834545e+000
  1.1458984e+000
  9.0225207e-001
  8.2515286e-001
  7.2465790e-001
  5.2158708e-001
  4.0569981e-001
  6.7167537e-001
  1.0070378e+000
  1.1994464e+000
  1.2058338e+000
  1.0579164e+000
  1.0481652e+000
  1.1592459e+000
  8.8512808e-001
  6.1744881e-001
  5.7813573e-001
  7.2306070e-001
  6.2596410e-001
  7.4798624e-001
  1.0235449e+000
  1.0750752e+000
  1.1766812e+000
  1.2479692e+000
  1.2594637e+000
  1.2348661e+000
  1.0248293e+000
  8.0693784e-001
  5.7007836e-001
  4.2628564e-001
  3.2696252e-001
  4.3960180e-001
  8.1176367e-001
  1.0335504e+000
  1.0040235e+000
  8.8036757e-001
  8.0982977e-001
  9.9951504e-001
  1.0519955e+000
  9.7493142e-001
  1.0806025e+000
  1.2397752e+000
  1.2718460e+000
  1.0351169e+000
  1.0207822e+000
  9.7851050e-001
  7.2147910e-001
  4.8635148e-001
  5.0410502e-001
  7.0774061e-001
  8.0780211e-001
  1.0565343e+000
  1.1016722e+000
  1.0212954e+000
  1.1171898e+000
  1.2550064e+000
  1.2146253e+000
  9.3600700e-001
  8.7288477e-001
  8.2294365e-001
  6.1024732e-001
  4.3306380e-001
  6.0017155e-001
  9.4722502e-001
  1.1521376e+000
  1.2449234e+000
  1.1347761e+000
  1.0580580e+000
  1.1918369e+000
  9.9035703e-001
  6.7808485e-001
  5.2944300e-001
  6.1499762e-001
  5.6383118e-001
  5.8375786e-001
  9.3364899e-001
  1.0298315e+000
  1.0742661e+000
  1.1334217e+000
  1.1086042e+000
  1.2178996e+000
  1.1102554e+000
  9.7508203e-001
  7.8887222e-001
  6.8373419e-001
  5.6195356e-001
  4.9388407e-001
  6.5416970e-001
  9.6869927e-001
  1.1563446e+000
  1.1943504e+000
  1.1118987e+000
  1.1170175e+000
  1.2223393e+000
  9.7456374e-001
  6.9545502e-001
  5.8745910e-001
  5.9956252e-001
  4.9489491e-001
  5.5235726e-001
  9.2416955e-001
  1.0605450e+000
  1.1166812e+000
  1.1086351e+000
  1.0474499e+000
  1.1816551e+000
  1.0717008e+000
  8.7697741e-001
  7.2374136e-001
  7.2939299e-001
  6.5457760e-001
  5.8135878e-001
  8.2223407e-001
  1.0934427e+000
  1.2231761e+000
  1.2901360e+000
  1.2399032e+000
  1.2795794e+000
  1.1648688e+000
  8.2484167e-001
  5.5041060e-001
  4.0077217e-001
  3.3188853e-001
  2.9144312e-001
  6.3212170e-001
  9.2838971e-001
  9.2166378e-001
  8.3343256e-001
  7.2587489e-001
  7.9413520e-001
  1.0525724e+000
  1.1306334e+000
  1.2416017e+000
  1.3259637e+000
  1.3582809e+000
  1.2540131e+000
  9.7024400e-001
  6.9667956e-001
  4.6561895e-001
  3.1634603e-001
  2.3923449e-001
  4.2884863e-001
  8.5609714e-001
  9.7514450e-001
  8.7585308e-001
  7.1972022e-001
  6.7217175e-001
  9.4356234e-001
  1.0512365e+000
  1.1378814e+000
  1.2669988e+000
  1.2902729e+000
  1.3287625e+000
  1.1357524e+000
  9.2088141e-001
  6.4544718e-001
  4.4185991e-001
  3.1432266e-001
  3.0430051e-001
  5.7674041e-001
  9.3999388e-001
  9.8805705e-001
  8.7450721e-001
  7.4201834e-001
  7.9267375e-001
  1.0432662e+000
  1.0447984e+000
  1.1301279e+000
  1.2652684e+000
  1.3319597e+000
  1.2559048e+000
  1.0472099e+000
  8.8782461e-001
  6.3216758e-001
  4.2533090e-001
  3.0309497e-001
  4.1038175e-001
  7.2627468e-001
  1.0212918e+000
  1.0214210e+000
  8.7470235e-001
  7.8468120e-001
  9.4126662e-001
  1.0706520e+000
  9.6413041e-001
  1.0644378e+000
  1.2323494e+000
  1.3050969e+000
  1.0799510e+000
  1.0335521e+000
  1.0179830e+000
  7.5530974e-001
  5.0268652e-001
  4.4515248e-001
  6.4092047e-001
  7.2059555e-001
  9.8199514e-001
  1.0810815e+000
  9.9147823e-001
  1.0431949e+000
  1.1770095e+000
  1.2528644e+000
  1.0263116e+000
  9.5467095e-001
  9.6980770e-001
  7.8552286e-001
  5.5121187e-001
  5.4215761e-001
  8.0942481e-001
  9.3874023e-001
  1.1185960e+000
  1.1894712e+000
  1.1135482e+000
  1.2086254e+000
  1.2684494e+000
  1.0959689e+000
  7.7447744e-001
  6.3937874e-001
  5.5797650e-001
  4.1240995e-001
  3.8361702e-001
  7.6130707e-001
  1.0178658e+000
  1.1006156e+000
  1.0325592e+000
  9.0587033e-001
  1.0022561e+000
  1.0992933e+000
  9.2176518e-001
  8.2495459e-001
  9.6870889e-001
  1.0962443e+000
  8.9683270e-001
  9.2650938e-001
  1.1444630e+000
  1.2312865e+000
  1.0185064e+000
  1.0156715e+000
  1.1768352e+000
  1.0091513e+000
  6.9545113e-001
  6.2711235e-001
  8.3548907e-001
  7.1668007e-001
  6.5131752e-001
  9.6480959e-001
  1.0842548e+000
  1.2250614e+000
  1.3172967e+000
  1.2995827e+000
  1.3205621e+000
  1.1002094e+000
  8.0383603e-001
  5.3170725e-001
  3.6521221e-001
  2.7064006e-001
  3.0161163e-001
  6.8601441e-001
  9.4594596e-001
  9.0774565e-001
  7.7841285e-001
  6.6759022e-001
  8.0377920e-001
  1.0472826e+000
  1.1263765e+000
  1.2558574e+000
  1.3069384e+000
  1.3336921e+000
  1.2313448e+000
  9.7304569e-001
  6.9072000e-001
  4.6226971e-001
  3.2603730e-001
  2.5592597e-001
  4.4519677e-001
  8.6310007e-001
  9.7344053e-001
  8.7899072e-001
  7.3301502e-001
  6.9701727e-001
  9.6290819e-001
  1.0601363e+000
  1.1433978e+000
  1.2713003e+000
  1.3067469e+000
  1.3328359e+000
  1.1166809e+000
  8.9808903e-001
  6.2967188e-001
  4.2762791e-001
  2.9975635e-001
  3.0813730e-001
  6.1521521e-001
  9.5890471e-001
  9.8598031e-001
  8.5961255e-001
  7.2776358e-001
  8.0656606e-001
  1.0466451e+000
  1.0356311e+000
  1.1365988e+000
  1.2674422e+000
  1.3316956e+000
  1.2357475e+000
  1.0502843e+000
  8.9094516e-001
  6.2832744e-001
  4.2343176e-001
  3.0781676e-001
  4.2242919e-001
  7.2291439e-001
  1.0178944e+000
  1.0171183e+000
  8.7264294e-001
  7.9414795e-001
  9.4858930e-001
  1.0778240e+000
  9.7550844e-001
  1.0759986e+000
  1.2391361e+000
  1.3040254e+000
  1.0686271e+000
  1.0105551e+000
  9.8384906e-001
  7.2623495e-001
  4.8453417e-001
  4.4375593e-001
  6.7205487e-001
  7.9103802e-001
  1.0441666e+000
  1.0969083e+000
  9.9094955e-001
  1.0558199e+000
  1.2125510e+000
  1.2097301e+000
  9.4493426e-001
  9.0240401e-001
  9.3288445e-001
  7.3150285e-001
  5.1482545e-001
  6.3655684e-001
  9.5286283e-001
  1.0806852e+000
  1.2210974e+000
  1.2074046e+000
  1.1482590e+000
  1.2423529e+000
  1.0707292e+000
  7.9136982e-001
  5.5713666e-001
  5.0119458e-001
  4.1911301e-001
  4.2865183e-001
  7.8033630e-001
  1.0011502e+000
  1.0141666e+000
  9.7447451e-001
  8.9692466e-001
  1.0236262e+000
  1.1082453e+000
  1.0348179e+000
  1.0205903e+000
  1.1268692e+000
  1.1622762e+000
  9.1511231e-001
  8.3541688e-001
  8.7609796e-001
  8.0511318e-001
  6.2461506e-001
  7.4545932e-001
  1.0453587e+000
  1.2099964e+000
  1.2998771e+000
  1.3234564e+000
  1.3023217e+000
  1.2588950e+000
  9.0749779e-001
  6.0212437e-001
  3.9800440e-001
  2.9784839e-001
  2.3816933e-001
  4.7023616e-001
  8.6874343e-001
  9.1032958e-001
  8.0348864e-001
  6.7551779e-001
  6.5759299e-001
  9.5930425e-001
  1.1126484e+000
  1.2428397e+000
  1.3116035e+000
  1.2917403e+000
  1.3210900e+000
  1.0789607e+000
  7.6338745e-001
  5.0409384e-001
  3.5531101e-001
  2.6728374e-001
  3.0830652e-001
  7.2689897e-001
  9.4341093e-001
  8.9101177e-001
  7.6422436e-001
  6.5897536e-001
  8.2721581e-001
  1.0564774e+000
  1.1487048e+000
  1.2734072e+000
  1.3097244e+000
  1.3369437e+000
  1.2111442e+000
  9.3770898e-001
  6.5085536e-001
  4.3556421e-001
  3.1053302e-001
  2.5382386e-001
  4.8717655e-001
  8.8973125e-001
  9.5963579e-001
  8.5346318e-001
  7.1040540e-001
  7.0184309e-001
  9.8378208e-001
  1.0714206e+000
  1.1758481e+000
  1.2870830e+000
  1.3082856e+000
  1.3198052e+000
  1.0929470e+000
  8.4862632e-001
  5.8103228e-001
  3.9804337e-001
  2.8377948e-001
  3.1991017e-001
  6.7580992e-001
  9.7179158e-001
  9.5926957e-001
  8.2501703e-001
  7.0634856e-001
  8.2980114e-001
  1.0485314e+000
  1.0586839e+000
  1.1844354e+000
  1.2869911e+000
  1.3400524e+000
  1.2144093e+000
  1.0254935e+000
  8.1396025e-001
  5.5795607e-001
  3.7925160e-001
  2.9013516e-001
  4.3989937e-001
  8.0252229e-001
  1.0254220e+000
  9.7195651e-001
  8.2003017e-001
  7.6596592e-001
  9.7180335e-001
  1.0469361e+000
  1.0061587e+000
  1.1535048e+000
  1.2798941e+000
  1.3172731e+000
  1.0870088e+000
  1.0282062e+000
  8.8106831e-001
  6.1097404e-001
  4.0690756e-001
  3.9621028e-001
  5.9006806e-001
  8.2434617e-001
  1.0675558e+000
  1.0284833e+000
  9.0179020e-001
  9.4789046e-001
  1.1278013e+000
  1.0905457e+000
  9.3491255e-001
  1.0390065e+000
  1.1596628e+000
  1.0151232e+000
  7.7024664e-001
  8.9173717e-001
  9.8269513e-001
  7.9180112e-001
  7.0390353e-001
  9.9296322e-001
  1.1880381e+000
  1.1574751e+000
  1.2307022e+000
  1.2961209e+000
  1.3089432e+000
  9.8445162e-001
  7.0626652e-001
  5.5948211e-001
  4.0089705e-001
  2.8953304e-001
  3.9446634e-001
  8.3749395e-001
  1.0198329e+000
  9.8225287e-001
  8.4191672e-001
  7.3859891e-001
  9.6528183e-001
  1.0417371e+000
  9.9943401e-001
  1.1315684e+000
  1.2646510e+000
  1.3124744e+000
  1.1013455e+000
  1.0412400e+000
  9.1645218e-001
  6.4519296e-001
  4.3148513e-001
  4.0031867e-001
  5.6910619e-001
  7.7404425e-001
  1.0486632e+000
  1.0439599e+000
  9.2420858e-001
  9.5035307e-001
  1.1091719e+000
  1.1294049e+000
  9.5191322e-001
  1.0145485e+000
  1.1312258e+000
  1.0182882e+000
  7.5501185e-001
  8.2852458e-001
  9.6321290e-001
  8.2519241e-001
  7.4077319e-001
  1.0077346e+000
  1.1956799e+000
  1.2235781e+000
  1.2615207e+000
  1.3319765e+000
  1.3180177e+000
  9.8037836e-001
  6.6301818e-001
  4.8938287e-001
  3.4540020e-001
  2.4858083e-001
  3.7496032e-001
  8.2132852e-001
  9.5633055e-001
  8.9202174e-001
  7.4883714e-001
  6.6101077e-001
  9.1505553e-001
  1.0762190e+000
  1.1514159e+000
  1.2745675e+000
  1.3021049e+000
  1.3392263e+000
  1.1370031e+000
  8.8485782e-001
  6.1975378e-001
  4.2081415e-001
  3.0064466e-001
  2.8570173e-001
  6.0574130e-001
  9.5092632e-001
  9.7407481e-001
  8.5155556e-001
  7.1454765e-001
  7.8149592e-001
  1.0356707e+000
  1.0482351e+000
  1.1566754e+000
  1.2764813e+000
  1.3265260e+000
  1.2557284e+000
  1.0570721e+000
  8.6434097e-001
  6.0081057e-001
  4.0803570e-001
  2.9512105e-001
  3.9361820e-001
  7.2455644e-001
  1.0083691e+000
  9.9321343e-001
  8.4876228e-001
  7.6066212e-001
  9.1713935e-001
  1.0637599e+000
  1.0026790e+000
  1.1225828e+000
  1.2638443e+000
  1.3319228e+000
  1.1229699e+000
  1.0262856e+000
  9.1840048e-001
  6.5189630e-001
  4.3321353e-001
  3.6931494e-001
  5.6089508e-001
  7.8169879e-001
  1.0542976e+000
  1.0508710e+000
  9.1489910e-001
  9.2366915e-001
  1.0973233e+000
  1.1165289e+000
  9.3326374e-001
  1.0021608e+000
  1.1511818e+000
  1.0609410e+000
  7.9240891e-001
  8.7602149e-001
  1.0170167e+000
  8.5001334e-001
  7.0020918e-001
  9.5330978e-001
  1.1700265e+000
  1.1339071e+000
  1.1567337e+000
  1.2671026e+000
  1.3154616e+000
  1.0308578e+000
  7.4501220e-001
  6.5609248e-001
  4.8862195e-001
  3.4674603e-001
  3.7886270e-001
  8.1167160e-001
  1.0565758e+000
  1.0880861e+000
  9.6449754e-001
  8.2761435e-001
  9.9244381e-001
  1.0426794e+000
  8.6218555e-001
  8.7361066e-001
  1.0912686e+000
  1.1966395e+000
  1.0010000e+000
  1.0901663e+000
  1.2409552e+000
  1.1428339e+000
  8.0830906e-001
  7.4939581e-001
  8.1765011e-001
  6.2381942e-001
  4.7616209e-001
  7.5925396e-001
  1.0501190e+000
  1.2254580e+000
  1.2910070e+000
  1.1813686e+000
  1.1754815e+000
  1.1748943e+000
  8.5203930e-001
  5.6118646e-001
  4.2736096e-001
  4.3995422e-001
  3.8276508e-001
  6.4326297e-001
  9.4329386e-001
  9.4285786e-001
  9.0948766e-001
  8.6501238e-001
  9.0831410e-001
  1.1084004e+000
  1.1352214e+000
  1.2004129e+000
  1.2706188e+000
  1.3285606e+000
  1.1151317e+000
  8.5406812e-001
  6.5206899e-001
  4.7722083e-001
  3.3747167e-001
  3.1294893e-001
  6.7394364e-001
  9.9717727e-001
  1.0445817e+000
  9.3139517e-001
  7.8423672e-001
  8.6694938e-001
  1.0574027e+000
  9.5533037e-001
  9.9041956e-001
  1.1759435e+000
  1.2931565e+000
  1.1515353e+000
  1.0744048e+000
  1.1186334e+000
  9.0879858e-001
  6.1315350e-001
  4.5595873e-001
  5.5420606e-001
  5.6897332e-001
  7.1526703e-001
  1.0075134e+000
  1.0082263e+000
  1.0065750e+000
  1.0661682e+000
  1.1344684e+000
  1.1885842e+000
  1.0613198e+000
  1.0400669e+000
  9.4675036e-001
  8.0606957e-001
  6.0090765e-001
  5.9406913e-001
  6.8873705e-001
  8.3485097e-001
  1.0753592e+000
  1.1912953e+000
  1.1714714e+000
  1.2191997e+000
  1.3066490e+000
  1.2112861e+000
  8.6329543e-001
  6.4554586e-001
  5.1327542e-001
  3.8150242e-001
  2.9650012e-001
  5.7872111e-001
  9.3882216e-001
  1.0289226e+000
  9.6228443e-001
  8.2069073e-001
  8.1548685e-001
  1.0578880e+000
  1.0220272e+000
  1.0079663e+000
  1.1593435e+000
  1.2864859e+000
  1.2071579e+000
  1.0184706e+000
  1.0101675e+000
  8.6151244e-001
  5.9605414e-001
  4.2005917e-001
  5.3852969e-001
  7.2704088e-001
  9.2793510e-001
  1.1180919e+000
  1.0505146e+000
  9.9065964e-001
  1.1206477e+000
  1.2482909e+000
  1.0391811e+000
  8.5589586e-001
  9.1732989e-001
  8.6111332e-001
  6.2523516e-001
  5.5129229e-001
  8.7305629e-001
  1.0970962e+000
  1.1912230e+000
  1.2742989e+000
  1.1946116e+000
  1.2588788e+000
  1.1128425e+000
  8.2328229e-001
  5.6204960e-001
  4.3136773e-001
  3.7465862e-001
  3.5195542e-001
  7.0455988e-001
  9.7437395e-001
  9.6427362e-001
  8.9446441e-001
  8.0157646e-001
  9.0390607e-001
  1.0828905e+000
  1.0796078e+000
  1.1589474e+000
  1.2763941e+000
  1.3434631e+000
  1.1331097e+000
  9.3438172e-001
  7.6526355e-001
  5.5171476e-001
  3.7295661e-001
  3.2330241e-001
  6.0489958e-001
  9.6183082e-001
  1.1014168e+000
  1.0087379e+000
  8.4663836e-001
  8.7489617e-001
  1.0867601e+000
  9.3691393e-001
  8.5247069e-001
  1.0395598e+000
  1.2161642e+000
  1.1037363e+000
  1.0156756e+000
  1.1839150e+000
  1.1856710e+000
  8.6829742e-001
  6.4149222e-001
  7.6945393e-001
  6.9178126e-001
  5.1692038e-001
  6.9482431e-001
  9.9459149e-001
  1.1578067e+000
  1.2745187e+000
  1.2257345e+000
  1.1806439e+000
  1.2277101e+000
  9.8356117e-001
  6.6564819e-001
  4.6740342e-001
  4.2695682e-001
  3.5920451e-001
  4.7047258e-001
  8.7225917e-001
  9.6685156e-001
  9.2557866e-001
  8.6108499e-001
  8.2080312e-001
  1.0396222e+000
  1.1078367e+000
  1.1506954e+000
  1.2375260e+000
  1.3274655e+000
  1.2765484e+000
  9.8831398e-001
  7.8014036e-001
  5.8485487e-001
  4.0683538e-001
  2.8955504e-001
  4.3294547e-001
  8.4709670e-001
  1.0562094e+000
  1.0157937e+000
  8.5921554e-001
  7.7032926e-001
  9.9212149e-001
  1.0109172e+000
  9.1668709e-001
  1.0541578e+000
  1.2265255e+000
  1.2742149e+000
  1.0812342e+000
  1.1334774e+000
  1.1135560e+000
  8.1523843e-001
  5.4150438e-001
  5.0242731e-001
  5.5914571e-001
  5.1533640e-001
  7.8199111e-001
  1.0039872e+000
  9.9477658e-001
  1.0385577e+000
  1.0475276e+000
  1.1285965e+000
  1.1592990e+000
  1.0847105e+000
  1.0183388e+000
  9.2136787e-001
  8.2853887e-001
  6.3251035e-001
  6.0735366e-001
  6.8609458e-001
  8.9193807e-001
  1.1060395e+000
  1.2219302e+000
  1.2136363e+000
  1.2377772e+000
  1.3154401e+000
  1.1480495e+000
  7.9759396e-001
  5.7149364e-001
  4.4516948e-001
  3.3405879e-001
  2.9583434e-001
  6.6478853e-001
  9.4663609e-001
  9.6850311e-001
  8.7809858e-001
  7.4997124e-001
  8.2822764e-001
  1.0643300e+000
  1.0848497e+000
  1.1635923e+000
  1.2838936e+000
  1.3456183e+000
  1.2122462e+000
  9.7460136e-001
  7.8470799e-001
  5.5471137e-001
  3.7534322e-001
  2.8615375e-001
  4.8772949e-001
  8.7762998e-001
  1.0609818e+000
  9.8844883e-001
  8.2535376e-001
  7.8318588e-001
  1.0214810e+000
  9.9836905e-001
  9.3574819e-001
  1.1038058e+000
  1.2543438e+000
  1.2598239e+000
  1.0701594e+000
  1.1290275e+000
  1.0399023e+000
  7.3193891e-001
  4.8897183e-001
  4.9979940e-001
  5.6015343e-001
  5.7140695e-001
  8.9955864e-001
  1.0185599e+000
  9.8143689e-001
  1.0318337e+000
  1.0622735e+000
  1.1906142e+000
  1.1155500e+000
  1.0736139e+000
  1.0292909e+000
  9.2587094e-001
  7.5145196e-001
  6.0160519e-001
  6.3537100e-001
  6.9527512e-001
  8.7869072e-001
  1.1119213e+000
  1.1868037e+000
  1.2022873e+000
  1.2476694e+000
  1.3235839e+000
  1.1554168e+000
  8.1890673e-001
  6.0740626e-001
  4.6235333e-001
  3.3886190e-001
  2.9082489e-001
  6.5191653e-001
  9.6146755e-001
  1.0001344e+000
  9.0382203e-001
  7.6379003e-001
  8.2708813e-001
  1.0570365e+000
  1.0339885e+000
  1.0933475e+000
  1.2409672e+000
  1.3244803e+000
  1.2057323e+000
  1.0230833e+000
  9.1781901e-001
  6.8323435e-001
  4.6087426e-001
  3.3960980e-001
  4.8520728e-001
  7.6414691e-001
  1.0504733e+000
  1.0748494e+000
  9.3274568e-001
  8.6995056e-001
  1.0378534e+000
  1.0985313e+000
  9.0224532e-001
  9.4111338e-001
  1.1355328e+000
  1.1543714e+000
  8.9434831e-001
  9.6465104e-001
  1.1326166e+000
  9.8342977e-001
  7.1685609e-001
  8.2532524e-001
  1.0512334e+000
  9.0514433e-001
  8.0923418e-001
  1.0628775e+000
  1.2109058e+000
  1.1518391e+000
  1.0876259e+000
  1.2422204e+000
  1.1968972e+000
  8.7292443e-001
  6.2016359e-001
  6.4516182e-001
  5.3480479e-001
  4.0096926e-001
  6.2857383e-001
  9.5440562e-001
  1.0822317e+000
  1.1304499e+000
  1.0270587e+000
  9.9609631e-001
  1.1532948e+000
  1.0350203e+000
  8.1186926e-001
  7.5293795e-001
  8.9049907e-001
  7.7416698e-001
  6.9428843e-001
  9.5245525e-001
  1.1648813e+000
  1.2786769e+000
  1.3335253e+000
  1.3481955e+000
  1.3604797e+000
  1.0600356e+000
  7.0356597e-001
  4.6346454e-001
  3.1313860e-001
  2.2540435e-001
  2.7941932e-001
  7.3880403e-001
  9.1020191e-001
  8.3694728e-001
  6.9538950e-001
  5.8617781e-001
  7.9152025e-001
  1.0555472e+000
  1.1965295e+000
  1.2956452e+000
  1.2694019e+000
  1.2797342e+000
  1.2057249e+000
  8.9477114e-001
  5.9534337e-001
  4.1165750e-001
  3.2915753e-001
  2.7652770e-001
  5.3451455e-001
  9.0180164e-001
  9.3078467e-001
  8.3849475e-001
  7.2347830e-001
  7.3606273e-001
  1.0157329e+000
  1.1130273e+000
  1.2249934e+000
  1.3167114e+000
  1.3396579e+000
  1.3076727e+000
  1.0328992e+000
  7.5093377e-001
  5.0240685e-001
  3.4138708e-001
  2.4624105e-001
  3.4768285e-001
  7.7924202e-001
  9.6925220e-001
  8.9908739e-001
  7.4919891e-001
  6.5614390e-001
  8.7222036e-001
  1.0495014e+000
  1.1208918e+000
  1.2564797e+000
  1.2916447e+000
  1.3336341e+000
  1.1821067e+000
  9.5814199e-001
  6.8246921e-001
  4.6245850e-001
  3.2921239e-001
  2.8006448e-001
  5.0153260e-001
  8.9745103e-001
  9.8885080e-001
  8.9030364e-001
  7.4856118e-001
  7.4720114e-001
  1.0092432e+000
  1.0512122e+000
  1.1204432e+000
  1.2583553e+000
  1.3195819e+000
  1.3060406e+000
  1.0800864e+000
  9.0864442e-001
  6.5323960e-001
  4.4090283e-001
  3.0506389e-001
  3.5503998e-001
  6.5902351e-001
  9.8869024e-001
  1.0189156e+000
  8.8351931e-001
  7.6310030e-001
  8.7341643e-001
  1.0688898e+000
  9.8897722e-001
  1.0709510e+000
  1.2336288e+000
  1.3233173e+000
  1.1586473e+000
  1.0411286e+000
  9.9555267e-001
  7.3885171e-001
  4.9251347e-001
  3.7800186e-001
  5.3448151e-001
  6.8743180e-001
  9.7971981e-001
  1.0705121e+000
  9.5745846e-001
  9.3327035e-001
  1.0640400e+000
  1.1892762e+000
  1.0038215e+000
  9.7572836e-001
  1.1054553e+000
  1.0587626e+000
  7.8907931e-001
  7.2674255e-001
  9.1269761e-001
  8.6284289e-001
  7.4599927e-001
  9.6224417e-001
  1.1520010e+000
  1.2635687e+000
  1.2835622e+000
  1.3495546e+000
  1.3612299e+000
  1.0631238e+000
  7.1525767e-001
  4.8977452e-001
  3.3748292e-001
  2.3689265e-001
  2.8694229e-001
  7.3934414e-001
  9.2623796e-001
  8.7097927e-001
  7.2896084e-001
  6.1316082e-001
  8.0737584e-001
  1.0563954e+000
  1.1712151e+000
  1.2870655e+000
  1.2877532e+000
  1.3040797e+000
  1.2076664e+000
  9.1534381e-001
  6.2128343e-001
  4.2188506e-001
  3.1984793e-001
  2.6575501e-001
  5.1307256e-001
  8.9877486e-001
  9.4520815e-001
  8.4531748e-001
  7.1690583e-001
  7.2010614e-001
  1.0015718e+000
  1.0917882e+000
  1.2015463e+000
  1.3025636e+000
  1.3249123e+000
  1.3141883e+000
  1.0627511e+000
  7.9710985e-001
  5.3888638e-001
  3.6751121e-001
  2.6311276e-001
  3.3185884e-001
  7.3517725e-001
  9.7576535e-001
  9.2992236e-001
  7.8563671e-001
  6.7889852e-001
  8.5260796e-001
  1.0466622e+000
  1.0858992e+000
  1.2250018e+000
  1.2934018e+000
  1.3387747e+000
  1.1972092e+000
  9.9856697e-001
  7.4682512e-001
  5.0545563e-001
  3.5044236e-001
  2.8298895e-001
  4.6266995e-001
  8.5598456e-001
  1.0105382e+000
  9.2914179e-001
  7.8051710e-001
  7.5079859e-001
  9.9037802e-001
  1.0419160e+000
  1.0623533e+000
  1.2149448e+000
  1.3047723e+000
  1.3180984e+000
  1.0928142e+000
  9.8147740e-001
  7.5691415e-001
  5.1293965e-001
  3.4657081e-001
  3.6325867e-001
  5.9559214e-001
  9.3184600e-001
  1.0600030e+000
  9.5570255e-001
  8.2337238e-001
  8.8616987e-001
  1.0996405e+000
  1.0011930e+000
  9.7490452e-001
  1.1519431e+000
  1.2755674e+000
  1.1304375e+000
  9.5841301e-001
  1.0392989e+000
  9.0382190e-001
  6.2439832e-001
  4.7239050e-001
  7.0021218e-001
  8.3030484e-001
  9.1734656e-001
  1.1224660e+000
  1.0832411e+000
  1.1102538e+000
  1.2556816e+000
  1.3232750e+000
  1.0931071e+000
  8.5573231e-001
  7.8463287e-001
  5.9093228e-001
  4.0340029e-001
  3.6329964e-001
  7.3025779e-001
  1.0499335e+000
  1.1754575e+000
  1.0801808e+000
  9.1385052e-001
  9.8840454e-001
  1.0826343e+000
  8.1807270e-001
  6.7464998e-001
  8.4402915e-001
  1.0352799e+000
  8.7880476e-001
  1.0061299e+000
  1.1726510e+000
  1.2733533e+000
  1.1904118e+000
  1.1652315e+000
  1.2163822e+000
  9.2971490e-001
  6.4031244e-001
  4.5876919e-001
  4.6477133e-001
  3.9189067e-001
  5.5064650e-001
  9.2345886e-001
  9.7857764e-001
  9.5244975e-001
  9.0801621e-001
  8.9119833e-001
  1.0978355e+000
  1.0990830e+000
  1.1214001e+000
  1.1749999e+000
  1.2636895e+000
  1.1269498e+000
  8.8474525e-001
  7.4977195e-001
  6.2234890e-001
  4.7102355e-001
  3.9373548e-001
  6.9403758e-001
  1.0258264e+000
  1.1626038e+000
  1.1241343e+000
  9.8724634e-001
  1.0177766e+000
  1.1248368e+000
  8.7216639e-001
  6.7968206e-001
  7.3523029e-001
  8.9773720e-001
  7.5817988e-001
  8.6771783e-001
  1.1071841e+000
  1.2120793e+000
  1.2981083e+000
  1.3483996e+000
  1.3823550e+000
  1.1756560e+000
  8.3472943e-001
  5.5640019e-001
  3.7450531e-001
  2.5734221e-001
  2.2732163e-001
  5.8825296e-001
  9.0958355e-001
  9.0523108e-001
  7.7261664e-001
  6.2798837e-001
  6.9339543e-001
  1.0004067e+000
  1.1216126e+000
  1.2536568e+000
  1.2923444e+000
  1.2713731e+000
  1.2805328e+000
  1.0281529e+000
  7.2406018e-001
  4.8391273e-001
  3.5943248e-001
  2.7766578e-001
  3.7321507e-001
  7.9978501e-001
  9.6006289e-001
  8.9482073e-001
  7.7236170e-001
  6.9486627e-001
  9.1228658e-001
  1.0724217e+000
  1.1481062e+000
  1.2719405e+000
  1.3211398e+000
  1.3566104e+000
  1.1491047e+000
  8.9729115e-001
  6.3018930e-001
  4.2251850e-001
  2.9297664e-001
  2.7186546e-001
  5.7822684e-001
  9.3885993e-001
  9.7307029e-001
  8.4705294e-001
  7.0274825e-001
  7.5496067e-001
  1.0233512e+000
  1.0494116e+000
  1.1593882e+000
  1.2753679e+000
  1.3152287e+000
  1.2744890e+000
  1.0715674e+000
  8.6938543e-001
  6.0220499e-001
  4.1222223e-001
  2.9558739e-001
  3.7064523e-001
  6.9766114e-001
  9.9419050e-001
  9.8771082e-001
  8.4927539e-001
  7.4999331e-001
  8.8792402e-001
  1.0640188e+000
  1.0197417e+000
  1.1344884e+000
  1.2691469e+000
  1.3400745e+000
  1.1546607e+000
  1.0218368e+000
  8.9009174e-001
  6.2837940e-001
  4.1878874e-001
  3.3878960e-001
  5.2249781e-001
  7.9326894e-001
  1.0566212e+000
  1.0362776e+000
  8.8945999e-001
  8.7252168e-001
  1.0589012e+000
  1.0816355e+000
  9.2877491e-001
  1.0294628e+000
  1.1996887e+000
  1.1640229e+000
  8.9852026e-001
  9.6815927e-001
  1.0435086e+000
  8.1151828e-001
  5.8678899e-001
  7.5719652e-001
  1.0018784e+000
  9.4099671e-001
  1.0588742e+000
  1.1704960e+000
  1.2087291e+000
  1.2224905e+000
  1.1550558e+000
  1.1224422e+000
  8.3589334e-001
  6.3236835e-001
  4.6135240e-001
  4.3878234e-001
  4.3449472e-001
  7.2907119e-001
  1.0176704e+000
  1.0363371e+000
  9.6566512e-001
  9.2032831e-001
  1.0074372e+000
  1.1081255e+000
  9.7672573e-001
  9.9483008e-001
  1.0970995e+000
  1.1451531e+000
  9.1236009e-001
  8.9524093e-001
  9.8895148e-001
  9.0666203e-001
  7.1605921e-001
  8.0123753e-001
  1.0635748e+000
  1.1077848e+000
  1.1262730e+000
  1.2556820e+000
  1.3129048e+000
  1.2241239e+000
  9.3922131e-001
  7.8590123e-001
  5.8438608e-001
  4.0851498e-001
  3.0577869e-001
  5.2203814e-001
  9.1747228e-001
  1.0989991e+000
  1.0379822e+000
  8.7766986e-001
  8.2902495e-001
  1.0582795e+000
  9.5862433e-001
  8.3655589e-001
  9.8377426e-001
  1.1874623e+000
  1.1650404e+000
  1.0322400e+000
  1.1855870e+000
  1.2443705e+000
  9.6204031e-001
  6.6836114e-001
  7.0956920e-001
  6.5304438e-001
  4.7705649e-001
  5.4137778e-001
  9.1681433e-001
  1.0953753e+000
  1.2160285e+000
  1.1645436e+000
  1.0620132e+000
  1.1899583e+000
  1.0689989e+000
  7.6973307e-001
  5.7182028e-001
  5.9743414e-001
  5.6848146e-001
  5.2192564e-001
  8.4698015e-001
  1.0364150e+000
  1.0803597e+000
  1.1335200e+000
  1.0925599e+000
  1.1838363e+000
  1.1349577e+000
  9.6685141e-001
  7.8401599e-001
  6.8592556e-001
  6.1979733e-001
  5.0755219e-001
  6.5558542e-001
  9.7528319e-001
  1.1584523e+000
  1.2231370e+000
  1.1616946e+000
  1.1445612e+000
  1.2340551e+000
  9.7489756e-001
  6.8436618e-001
  5.2972683e-001
  5.1365660e-001
  4.2750510e-001
  5.1107490e-001
  9.0007306e-001
  1.0182433e+000
  1.0253521e+000
  9.8940309e-001
  9.3470553e-001
  1.1135784e+000
  1.0870673e+000
  1.0051672e+000
  9.7923414e-001
  1.0745831e+000
  9.9633553e-001
  7.9739490e-001
  8.1789505e-001
  9.3126692e-001
  9.1535458e-001
  8.3670504e-001
  1.0691441e+000
  1.2378916e+000
  1.2935633e+000
  1.2580579e+000
  1.3261438e+000
  1.2356939e+000
  8.6686277e-001
  5.6570107e-001
  4.0740302e-001
  3.0750879e-001
  2.4438586e-001
  5.2458141e-001
  8.8129925e-001
  9.0588524e-001
  8.1479320e-001
  6.8594436e-001
  6.9141805e-001
  9.9332216e-001
  1.1345892e+000
  1.2532986e+000
  1.3219776e+000
  1.3120186e+000
  1.3138550e+000
  1.0331232e+000
  7.2159936e-001
  4.7609258e-001
  3.3303526e-001
  2.4801346e-001
  3.3734540e-001
  7.7979382e-001
  9.4569967e-001
  8.7068698e-001
  7.3313662e-001
  6.4245325e-001
  8.6339174e-001
  1.0629395e+000
  1.1659597e+000
  1.2846977e+000
  1.2980141e+000
  1.3322508e+000
  1.1808040e+000
  9.0546406e-001
  6.1880853e-001
  4.1909556e-001
  3.0543848e-001
  2.6549474e-001
  5.4030953e-001
  9.1366768e-001
  9.5165995e-001
  8.4097746e-001
  7.0515300e-001
  7.3009417e-001
  1.0106178e+000
  1.0816788e+000
  1.1936867e+000
  1.2952135e+000
  1.3197178e+000
  1.2997274e+000
  1.0603864e+000
  8.0925087e-001
  5.4982109e-001
  3.7711755e-001
  2.7123822e-001
  3.4692759e-001
  7.3717325e-001
  9.8472692e-001
  9.4409074e-001
  8.0077199e-001
  6.9848409e-001
  8.6986807e-001
  1.0491626e+000
  1.0669880e+000
  1.2053652e+000
  1.2915845e+000
  1.3440550e+000
  1.1838704e+000
  1.0083216e+000
  7.7980118e-001
  5.3051832e-001
  3.6198041e-001
  2.9466220e-001
  4.7321931e-001
  8.4570562e-001
  1.0274457e+000
  9.5396853e-001
  8.0301133e-001
  7.7644642e-001
  1.0033548e+000
  1.0383705e+000
  1.0207131e+000
  1.1777526e+000
  1.2930055e+000
  1.3004638e+000
  1.0690672e+000
  1.0152747e+000
  8.3690887e-001
  5.7304131e-001
  3.8445789e-001
  4.1227893e-001
  6.1675110e-001
  8.8220923e-001
  1.0802014e+000
  1.0085065e+000
  8.8883490e-001
  9.6113215e-001
  1.1490722e+000
  1.0473258e+000
  9.2590538e-001
  1.0631632e+000
  1.1690022e+000
  9.8253766e-001
  7.8385524e-001
  9.4756882e-001
  9.8852806e-001
  7.6805845e-001
  7.1579126e-001
  1.0172165e+000
  1.1788288e+000
  1.0982202e+000
  1.2059770e+000
  1.2768994e+000
  1.2782264e+000
  9.4600620e-001
  7.4298843e-001
  6.2670866e-001
  4.5291008e-001
  3.2675438e-001
  4.7036323e-001
  8.9348399e-001
  1.0968245e+000
  1.0768870e+000
  9.3221781e-001
  8.3587715e-001
  1.0512005e+000
  9.8355890e-001
  8.1381665e-001
  8.9081930e-001
  1.1188877e+000
  1.1427163e+000
  9.9194798e-001
  1.1539562e+000
  1.2774755e+000
  1.1150358e+000
  7.9650678e-001
  8.2584330e-001
  7.8051794e-001
  5.5496692e-001
  4.4181474e-001
  7.7746949e-001
  1.0755112e+000
  1.2362627e+000
  1.2572412e+000
  1.1140964e+000
  1.1400515e+000
  1.1279544e+000
  8.0632088e-001
  5.4116631e-001
  4.6999326e-001
  5.3817903e-001
  4.7325454e-001
  7.6055830e-001
  9.8837931e-001
  9.7662757e-001
  1.0012248e+000
  9.9763778e-001
  1.0761282e+000
  1.1521939e+000
  1.1049887e+000
  1.0864173e+000
  1.0356607e+000
  9.8819900e-001
  7.5563960e-001
  6.6095975e-001
  6.3987734e-001
  7.0381073e-001
  7.9521458e-001
  1.0460795e+000
  1.1817740e+000
  1.2237507e+000
  1.2634007e+000
  1.3324228e+000
  1.2746660e+000
  9.3134851e-001
  6.5395011e-001
  4.7429340e-001
  3.3980608e-001
  2.5167899e-001
  4.5288851e-001
  8.7211274e-001
  9.7272411e-001
  8.9273282e-001
  7.4663276e-001
  6.9508707e-001
  9.7168009e-001
  1.0676043e+000
  1.1374388e+000
  1.2668120e+000
  1.3060462e+000
  1.3268987e+000
  1.1010834e+000
  8.8743777e-001
  6.3039983e-001
  4.2863563e-001
  3.0095906e-001
  3.2039231e-001
  6.4659157e-001
  9.7701468e-001
  9.9689717e-001
  8.6644707e-001
  7.3643734e-001
  8.3378095e-001
  1.0524845e+000
  1.0140117e+000
  1.1133414e+000
  1.2556634e+000
  1.3305585e+000
  1.2063181e+000
  1.0556848e+000
  9.3516513e-001
  6.6931918e-001
  4.4862728e-001
  3.3209350e-001
  4.5332949e-001
  6.9189620e-001
  1.0054238e+000
  1.0384428e+000
  9.0400611e-001
  8.4067541e-001
  9.7483673e-001
  1.1140602e+000
  9.7942130e-001
  1.0375130e+000
  1.2065287e+000
  1.2567180e+000
  1.0003509e+000
  9.3207022e-001
  9.8146683e-001
  7.7183554e-001
  5.3197019e-001
  5.4107914e-001
  8.5798608e-001
  9.6637989e-001
  1.1279009e+000
  1.1794853e+000
  1.0953009e+000
  1.2083244e+000
  1.2208948e+000
  1.0462244e+000
  7.4752797e-001
  6.4692554e-001
  5.7102339e-001
  4.3834473e-001
  4.5542882e-001
  8.3806137e-001
  1.0551945e+000
  1.1330923e+000
  1.0653867e+000
  9.6687514e-001
  1.0972461e+000
  1.0869828e+000
  8.6070340e-001
  7.4124804e-001
  8.4803644e-001
  8.8927476e-001
  7.2714092e-001
  8.9940304e-001
  1.1378408e+000
  1.2703907e+000
  1.2964943e+000
  1.3520164e+000
  1.3797363e+000
  1.1314862e+000
  7.6107661e-001
  5.0220127e-001
  3.4168511e-001
  2.3896978e-001
  2.3669668e-001
  6.6071604e-001
  9.0300119e-001
  8.6455918e-001
  7.2842678e-001
  5.9710659e-001
  7.2523369e-001
  1.0259245e+000
  1.1686034e+000
  1.2861401e+000
  1.2834455e+000
  1.2653320e+000
  1.2499749e+000
  9.5644289e-001
  6.4478787e-001
  4.3562999e-001
  3.4101561e-001
  2.7412890e-001
  4.4788973e-001
  8.6333888e-001
  9.4112986e-001
  8.5719087e-001
  7.4137941e-001
  7.0468175e-001
  9.7262954e-001
  1.0973299e+000
  1.2011478e+000
  1.3059607e+000
  1.3320219e+000
  1.3419454e+000
  1.0870705e+000
  8.0596581e-001
  5.4413202e-001
  3.6670472e-001
  2.5904458e-001
  2.9761897e-001
  6.9825944e-001
  9.6008992e-001
  9.2291105e-001
  7.8016119e-001
  6.5915520e-001
  8.0730199e-001
  1.0397355e+000
  1.0982056e+000
  1.2349974e+000
  1.2920807e+000
  1.3232828e+000
  1.2263889e+000
  1.0037668e+000
  7.3545723e-001
  4.9616806e-001
  3.5102054e-001
  2.7394885e-001
  4.3205729e-001
  8.3988232e-001
  9.9293516e-001
  9.1576114e-001
  7.7187898e-001
  7.2430346e-001
  9.6277896e-001
  1.0528834e+000
  1.0950400e+000
  1.2376278e+000
  1.3088498e+000
  1.3372547e+000
  1.1156681e+000
  9.4878731e-001
  7.0362826e-001
  4.7553202e-001
  3.2406857e-001
  3.2251691e-001
  5.8510693e-001
  9.4652667e-001
  1.0315633e+000
  9.1505088e-001
  7.7414152e-001
  8.2930249e-001
  1.0629044e+000
  1.0009358e+000
  1.0386979e+000
  1.2091959e+000
  1.3118567e+000
  1.2113656e+000
  1.0425870e+000
  1.0207374e+000
  7.9308598e-001
  5.3325226e-001
  3.7861209e-001
  4.9819568e-001
  6.5566605e-001
  9.2650867e-001
  1.0769741e+000
  9.8240758e-001
  9.2099480e-001
  1.0339711e+000
  1.1913988e+000
  1.0383389e+000
  9.5659509e-001
  1.0853474e+000
  1.0889736e+000
  8.4077002e-001
  7.0463008e-001
  8.8974689e-001
  8.9610124e-001
  7.5455794e-001
  9.0767362e-001
  1.1260807e+000
  1.2557046e+000
  1.2669688e+000
  1.3380760e+000
  1.3741436e+000
  1.1275562e+000
  7.7020557e-001
  5.2384580e-001
  3.6430783e-001
  2.5361732e-001
